5528 55
5528 56
5528 57
5528 58
5528 59
5512 40
5512 41
5512 42
5512 43
5512 44
5783 118
5783 119
5783 120
5783 121
5783 122
5937 55
5937 56
5765 39
5765 40
5765 41
5765 42
5765 43
5769 38
5769 39
5769 41
5769 42
5769 43
5329 0
5329 1
5329 2
5329 3
5329 4
5516 90
5516 91
5516 92
5516 93
5516 94
5906 171
5906 172
5906 173
5906 174
5906 175
5783 123
5783 124
5783 125
5164 20
5164 23
5164 24
5164 28
5164 29
5344 70
5344 71
5361 177
5782 6
5782 11
5782 20
5782 22
5277 12
5277 13
5277 17
5277 18
5277 20
6080 11
6080 12
5712 125
5712 126
5712 127
5331 140
5331 141
5331 142
5331 143
5331 144
5777 5
5777 6
5777 7
5777 8
5777 9
5765 64
5765 65
5765 66
5765 67
5765 68
5912 107
5912 108
5322 5
5322 6
5322 7
5322 8
5322 9
5933 186
5933 190
5933 214
5273 61
5273 63
5273 64
5273 65
5273 66
5367 10
5948 51
5948 52
5948 53
5994 46
5729 18
5729 22
5729 78
5729 83
5729 84
5332 193
5361 28
5935 64
5935 65
5935 68
5935 69
5935 70
5280 60
5280 61
5280 62
5280 63
5280 64
5332 155
5332 156
5332 157
5332 158
5332 159
5339 100
5339 101
5339 102
5339 103
5339 104
5959 0
5959 1
5959 2
5263 0
5263 38
5263 39
5263 61
5263 64
5762 47
5762 52
5762 104
5762 112
5762 114
5968 22
5331 205
5331 206
5331 207
5331 208
5331 209
5933 37
5933 38
5933 39
5933 40
5933 41
5329 10
5329 11
5329 13
5329 14
5329 15
5947 69
5947 70
5947 71
5947 72
5947 73
5946 10
5946 11
5946 12
5946 13
5946 14
5718 33
5718 34
5718 35
5718 37
5718 38
5929 100
5929 101
5929 102
5929 104
5929 105
5949 10
5949 11
5949 12
5949 13
5949 14
5909 27
5909 28
5909 29
5909 30
5909 31
5933 42
5933 43
5933 44
5933 45
5933 46
5361 27
5512 132
5512 133
5512 134
5512 135
5512 136
6000 10
6000 11
5344 52
5344 53
5344 54
5344 55
5344 56
5726 48
5726 49
5726 50
5726 51
5726 93
5741 25
5741 26
5741 27
5741 28
5741 29
5933 72
5933 73
5933 74
5933 75
5933 76
5778 14
5778 15
5778 16
5778 17
5778 18
5361 133
5361 134
5361 135
5361 136
5361 137
5340 20
5340 21
5340 22
5340 23
5340 24
5164 5
5164 7
5164 9
5164 10
5164 11
5767 46
5767 47
5767 48
5767 49
5767 50
5933 170
5933 171
5933 172
5933 173
5933 174
5947 112
5947 113
5947 115
5947 116
5947 117
5361 115
5361 116
5361 117
5361 118
5361 119
5906 118
5906 119
5906 120
5906 121
5906 122
5722 26
5722 27
5722 28
5722 30
5722 31
5277 21
5277 24
5277 25
5344 8
5344 9
5783 18
5783 19
5783 20
5783 21
5783 22
5332 125
5332 126
5332 127
5332 128
5332 129
5332 45
5332 46
5332 47
5332 48
5332 49
5899 5
5899 6
5899 7
5899 8
5899 9
5923 30
5923 31
5923 32
5923 33
5923 34
5344 36
5344 37
5344 38
5899 35
5899 36
5899 37
5899 38
5899 39
5511 5
5511 6
5511 7
5511 8
5511 9
5783 23
5783 24
5783 25
5783 26
5783 27
5493 15
5493 16
5493 17
5493 18
5493 19
5916 0
5916 1
5916 2
5916 3
5916 4
5975 64
5975 65
5975 66
5975 67
5975 68
5365 24
5914 112
5914 113
5914 114
5914 115
5914 116
5235 26
5235 27
5235 28
5235 30
5235 31
5776 38
5776 39
5776 40
5776 41
5776 42
5947 30
5947 63
5897 35
5897 36
5897 37
5897 38
5897 39
5364 140
5364 141
5364 142
5364 143
5364 144
5994 10
5994 11
5994 12
5994 13
5994 14
5996 16
5996 20
5996 24
5996 28
5519 140
5519 141
5519 142
5519 143
5519 144
5762 11
5762 15
5762 16
5762 19
5762 20
5767 181
5767 182
5767 183
5767 184
5767 185
5891 48
5891 49
5891 50
5891 51
5891 52
5333 70
5333 71
5333 72
5333 73
5333 74
5891 38
5891 39
5891 40
5891 41
5891 42
5515 11
5515 80
5515 81
5515 210
5515 211
5946 16
5946 17
5946 18
5946 20
5946 21
5497 163
5497 164
5497 165
5758 51
5758 65
5758 69
5758 71
5758 72
5277 0
5277 1
5277 2
5277 3
5277 6
5499 160
5499 161
5499 162
5499 163
5499 164
5783 95
5783 96
5783 97
5783 98
5783 126
6027 88
6027 92
6027 93
5912 97
5912 98
5912 99
5912 100
5912 101
5364 190
5364 191
5364 197
5364 198
5364 199
5519 12
5519 13
5519 14
5519 15
5519 16
5929 24
5929 25
5929 26
5929 73
5929 75
5985 56
5985 57
5985 58
5985 60
5985 61
5364 205
5364 206
5364 207
5364 208
5364 209
5733 121
5731 0
5731 4
5731 8
5731 12
5731 33
5516 85
5516 86
5516 87
5516 88
5516 89
5170 0
5170 1
5170 7
5170 10
5170 12
5497 10
5497 11
5497 12
5497 13
5497 14
5930 2
5925 78
5925 79
5925 80
5925 81
5925 82
5508 15
5508 16
5508 17
5508 18
5508 19
6036 15
6036 26
6074 100
6074 101
6074 102
6074 103
6074 104
5273 1
5273 2
5273 3
5273 4
5273 5
5929 49
5929 50
5929 51
5929 52
5929 53
5512 13
5512 14
5512 90
5512 208
5512 209
5897 15
5897 16
5897 17
5897 18
5897 19
6025 93
6025 94
5892 54
5892 55
5892 56
5892 57
5892 58
5331 50
5331 51
5331 52
5331 53
5331 54
5271 14
5271 15
5519 5
5519 6
5519 7
5519 8
5519 9
5977 44
5977 45
5977 46
5278 95
5278 96
5278 97
5278 98
5278 99
5235 76
5235 77
5930 10
5930 11
5930 12
5930 13
5930 14
5366 30
5366 31
5778 34
5778 35
5910 43
5910 44
5910 45
5910 46
5910 47
5331 60
5331 61
5331 62
5331 63
5331 64
5204 62
5204 111
5906 65
5906 66
5906 67
5906 132
5906 133
5783 58
5783 59
5783 60
5783 61
5783 62
5956 18
5956 19
5956 20
5956 22
5956 23
5977 106
5977 107
5977 108
5977 109
5977 110
5513 5
5513 6
5513 7
5513 8
5513 9
5937 27
5937 28
5937 29
5937 30
5937 31
5971 93
5971 94
5896 25
5896 26
5896 27
5896 28
5896 29
5767 108
5767 109
5767 110
5767 111
5767 112
5513 0
5513 1
5513 2
5513 3
5513 4
5338 20
5338 21
5338 22
5338 23
5338 24
5273 21
5273 22
5273 23
5273 24
5273 25
5976 6
5976 8
5976 9
5976 10
5976 12
5985 13
5985 15
5985 16
5985 17
5985 18
5315 15
5315 16
5315 17
5315 18
5910 21
5910 22
5910 23
5508 90
5508 91
5508 92
5508 93
5508 94
5278 20
5278 21
5278 22
5278 23
5278 24
5985 82
5985 83
5985 84
5985 101
5985 109
5326 77
5326 78
5326 79
5326 80
5326 81
5782 120
5712 120
5712 121
5712 122
5712 123
5712 124
5776 15
5776 16
5776 17
5776 48
5776 49
5988 15
5988 16
5988 17
5988 18
5988 19
5506 30
5506 31
5506 32
5506 33
5506 34
5912 57
5912 58
5912 59
5912 60
5912 61
5506 15
5506 16
5506 17
5506 18
5506 19
5891 128
5891 129
5891 130
5891 131
5891 132
5985 74
5985 77
5985 78
5985 79
5985 81
5982 19
5982 23
5516 40
5516 41
5516 42
5516 43
5516 69
5946 55
5946 58
5946 59
5946 60
5946 62
6001 38
5983 25
5983 26
5983 27
5983 28
5983 29
5946 5
5946 6
5946 7
5946 8
5946 9
5918 25
5918 26
5918 27
5918 28
5918 29
5515 70
5515 71
5515 72
5515 73
5515 74
5509 55
5509 56
5509 57
5509 58
5509 59
5966 180
5966 181
5344 40
5344 41
5344 42
5344 43
5344 69
5278 105
5278 106
5278 107
5278 108
5278 109
5953 18
5953 20
5953 21
5953 22
5344 32
5344 33
5344 34
5344 35
5942 0
5942 1
5942 3
5942 4
5942 7
5755 30
5512 50
5512 51
5512 52
5512 53
5512 54
5948 40
5948 41
5948 42
5948 43
5948 44
5332 75
5332 76
5332 77
5332 78
5332 79
5947 33
5947 34
5947 36
5947 37
5947 38
5507 30
5507 31
5507 32
5507 33
5507 34
5523 15
5523 16
5523 17
5523 18
5523 19
6025 97
6025 98
6025 99
6025 101
6025 102
5720 35
5720 36
5720 37
5720 38
5720 39
5899 30
5899 31
5899 32
5899 33
5899 34
5755 25
5755 26
5755 27
5755 28
5755 29
5515 160
5515 161
5515 162
5515 163
5515 164
5971 107
5971 110
5971 111
5971 115
5971 116
5331 70
5331 71
5331 72
5331 73
5331 74
5774 42
5774 43
5774 44
5774 45
5774 46
5966 161
5966 164
5966 168
5966 172
5966 176
5778 0
5778 1
5778 2
5778 3
5778 4
5519 78
5519 79
5519 90
5519 91
5519 92
5896 50
5896 51
5896 52
5896 53
5896 54
5779 32
5779 33
5779 34
5779 35
5779 36
5273 26
5273 27
5273 28
5273 30
5273 31
6058 187
5985 180
5985 213
5985 214
5985 215
5985 216
5280 24
5280 25
5280 26
5280 27
5280 28
5925 21
5925 22
5941 0
5941 1
5941 3
5364 175
5364 176
5364 177
5364 178
5364 179
5767 192
5767 193
5767 194
5767 195
5767 196
6043 124
6043 125
6043 126
5334 0
5334 1
5334 2
5334 3
5334 4
5361 55
5361 56
5361 57
5361 58
5361 59
5904 42
5904 43
5904 44
5904 45
5904 46
5762 150
5762 151
5762 152
5762 155
5762 156
5525 59
5332 145
5332 146
5332 147
5332 148
5332 149
5344 27
5344 28
5344 29
5344 50
5344 51
5906 207
5906 208
5906 209
5961 0
5961 1
5961 2
5961 4
5961 5
5729 77
5729 82
5729 86
5729 89
5729 90
5361 155
5361 156
5361 157
5361 158
5361 159
5725 14
5725 17
5725 18
5725 19
5725 21
6026 64
6026 65
6026 66
6026 67
6026 68
5168 24
5168 25
5168 26
5168 27
5168 28
5767 161
5767 162
5767 165
5767 166
5767 169
5941 33
5941 34
5941 35
5499 20
5499 21
5499 22
5499 23
5499 24
6046 128
6046 129
6046 130
6046 131
6046 132
5959 29
5782 124
5782 125
5782 126
5782 127
5523 8
5523 9
5513 55
5513 56
5513 57
5513 58
5513 59
5935 38
5935 39
5935 40
5935 41
5935 42
5515 18
5515 19
5515 150
5515 151
5515 216
6025 49
6025 50
6025 51
5762 133
5762 134
5762 135
5762 136
5762 137
5168 18
5168 19
5168 20
5168 23
5767 0
5767 1
5767 2
5767 3
5767 5
5976 25
5976 27
5976 28
5914 9
5914 10
5914 11
5914 12
5914 13
6076 86
6076 87
6076 89
6076 91
6076 92
5525 5
5525 6
5525 7
5525 8
5525 9
5977 145
5977 146
5977 147
5774 5
5774 6
5774 7
5774 8
5774 9
5493 0
5493 1
5493 2
5493 3
5493 4
5912 82
5912 83
5912 84
5912 85
5912 86
6030 56
6030 57
6030 60
6030 86
5929 27
5929 28
5929 29
5929 30
5929 31
5762 128
5762 129
5762 130
5762 131
5762 132
5278 60
5278 61
5278 62
5278 63
5278 64
5960 0
5960 1
5960 2
5960 3
5960 4
5511 60
5511 61
5511 62
5975 83
5975 84
5975 85
5975 86
5975 96
5909 37
5909 38
5909 39
5909 40
5909 41
5726 63
5762 138
5762 139
5762 140
5762 141
5762 142
5519 135
5519 136
5519 137
5519 138
5519 139
5947 16
5947 17
5947 18
5947 20
5947 23
5513 15
5513 16
5513 17
5513 18
5513 19
5925 70
5925 71
5925 72
6043 86
6043 87
6043 88
6043 89
6043 90
5333 5
5333 6
5333 7
5333 8
5333 9
5512 16
5512 96
5512 97
5512 98
5512 99
5512 65
5512 66
5512 67
5512 68
5512 69
5940 12
5925 113
5924 20
5924 21
5924 22
5924 23
5924 24
5522 15
5522 16
5522 17
5522 18
5522 19
6074 120
6074 121
6074 122
6074 123
6074 124
5774 88
5774 89
5774 90
5774 91
5774 92
5459 92
5459 93
5459 94
5459 95
5459 160
5968 10
5968 11
5968 12
5968 13
5968 14
5333 25
5333 26
5333 27
5333 28
5333 29
5947 119
5947 120
5947 122
5947 126
5947 127
5758 25
5758 26
5758 29
5758 30
5758 32
6030 98
6030 99
6030 100
6030 101
6030 102
5976 29
6074 41
6074 42
6074 43
6074 44
6074 45
6046 80
6046 81
6046 82
6046 83
6046 84
5333 95
5333 97
5333 98
5333 99
5937 0
5937 1
5937 2
5937 4
5937 5
5361 70
5361 71
5361 72
5361 73
5361 74
5515 165
5515 166
5515 167
5515 168
5515 169
5339 45
5339 46
5339 47
5339 48
5339 49
6073 20
6073 21
6073 22
6073 23
6073 24
5930 36
6073 110
6073 111
6073 112
6073 113
6073 114
5906 25
5906 26
5906 32
5906 33
5906 34
5910 59
5910 60
5910 61
5910 62
5910 63
6074 93
6074 94
6074 95
5331 100
5331 101
5331 102
5331 103
5331 104
5169 23
5169 26
5169 78
5169 86
5169 146
5733 38
5733 42
5733 46
5733 49
5733 53
5933 22
5933 23
5933 24
5933 25
5933 26
5512 30
5512 31
5512 32
5512 33
5512 34
6074 85
6074 86
6074 87
6074 88
6074 89
5933 117
5933 118
5933 119
5933 120
5933 121
5273 16
5273 17
5273 18
5273 19
5273 20
5925 151
5925 209
5925 211
5925 212
5925 214
5499 130
5499 131
5499 132
5499 133
5499 134
5511 45
5511 46
5511 47
5511 48
5511 49
5273 120
5273 121
5273 122
5273 123
5273 124
5979 128
5979 129
5979 130
5979 131
5979 132
5960 45
5960 46
5960 47
5960 48
5758 1
5758 2
5758 3
5758 64
5758 66
6031 187
6031 188
6031 189
6031 190
6031 191
5897 30
5897 31
5897 32
5897 33
5897 34
6025 0
6025 1
6025 2
6025 3
6025 4
5990 31
5990 34
5990 36
5990 37
5990 38
5990 40
5990 60
5990 61
5990 62
5949 15
5719 52
5719 53
5719 54
5719 55
5719 56
5783 108
5783 109
5783 110
5783 111
5783 112
5925 205
5925 206
5925 207
5925 208
5933 160
5933 161
5933 162
5933 163
5933 164
5719 3
5719 7
5719 9
5719 10
5719 11
5762 186
5762 187
5762 188
5762 189
5762 190
5782 74
5782 75
5782 77
5782 78
5782 79
5905 56
5905 57
5905 58
5905 59
5905 60
5169 121
5782 143
5782 144
5782 145
5782 146
5782 147
5977 1
5977 5
5947 85
5947 86
5947 87
5947 118
5519 29
5519 60
5519 62
5932 20
5932 21
5932 22
5932 23
5932 24
5906 192
5906 193
5906 194
5906 195
5906 196
5946 0
5946 1
5946 2
5946 3
5946 4
5979 111
5910 73
5910 74
5910 75
5910 76
5910 77
5961 3
5961 7
5758 85
5758 89
5758 91
5758 93
5758 95
5783 28
5783 29
5783 30
5783 31
5783 32
5364 90
5364 91
5364 92
5364 93
5364 94
5910 58
5910 69
5910 70
5910 71
5910 72
6027 96
6027 97
6027 100
6027 101
6027 104
5914 29
5914 30
5985 128
5985 129
5985 130
5985 131
5985 132
5361 80
5361 81
5361 82
5361 148
5361 149
5332 180
5332 181
5332 182
5332 183
5332 184
5513 60
5513 61
5513 62
5513 63
5513 64
5929 114
5929 118
5929 119
5515 110
5515 111
5515 112
5515 113
5515 114
5933 27
5933 28
5933 29
5933 30
5933 31
5975 59
5975 60
5975 61
5975 62
5975 63
5947 0
5947 1
5947 2
5947 143
5947 144
5947 145
5947 148
5947 150
5914 110
5914 111
5914 141
5914 142
5914 143
5729 3
5729 7
5729 10
5729 11
5729 15
5947 45
5947 46
5947 47
5947 48
5947 49
6074 11
6074 12
6074 13
6074 14
6074 15
6027 6
6027 7
6027 8
6027 9
6027 10
5979 76
5979 77
5979 78
5979 79
5979 80
5960 5
5960 9
5960 13
5960 18
5507 25
5507 26
5507 27
5507 28
5507 29
5912 14
5912 15
5912 16
5912 17
5912 18
5506 45
5506 46
5506 47
5506 48
5506 49
5947 84
5947 88
5947 89
5947 91
5947 92
5343 10
5343 15
5501 50
5501 51
5501 52
5501 53
5501 54
5896 15
5896 16
5896 17
5896 18
5896 19
5971 63
5334 5
5334 6
5334 7
5334 8
5334 9
5985 55
6076 16
6076 17
6076 18
6076 19
5929 115
5929 116
5929 117
6076 78
6076 97
6076 108
6076 109
6076 114
5367 5
6075 24
6043 91
6043 92
6043 93
6043 94
6043 95
5509 40
5509 41
5509 42
5509 43
5509 44
5971 21
5971 22
5971 23
5971 24
5971 25
5712 133
5712 134
5712 135
5712 136
5712 137
5910 38
5910 39
5910 40
5910 41
5910 42
5280 168
5280 169
5280 170
5280 171
5280 172
6046 138
6046 139
6046 140
6046 141
6046 142
5364 215
5364 216
5364 217
5364 218
5364 219
5506 5
5506 6
5506 7
5506 8
5506 9
5956 13
5273 158
5273 159
5273 160
5273 161
5273 162
5280 90
5280 91
5280 92
5280 138
5280 139
5925 195
5925 196
5925 197
5925 198
5925 199
5364 20
5364 108
5364 150
5364 151
5364 152
6027 43
6027 44
6027 45
5947 110
5947 111
5947 153
5947 154
5947 155
6058 198
6058 199
6058 200
6058 202
6058 203
6026 62
6026 69
5720 8
5720 9
5720 11
5720 12
5720 13
5331 190
5331 191
5331 192
5331 193
5331 194
5229 0
5229 24
5229 56
5229 84
5229 85
5946 48
5946 50
5946 51
5946 52
5946 54
5777 25
5777 26
5777 27
5777 28
5777 29
5891 183
5891 184
5891 185
5891 186
5891 187
6027 111
6027 112
6027 113
6027 114
6027 115
5966 108
5966 109
5966 110
5966 111
5966 112
5933 12
5933 13
5933 14
5933 15
5933 16
5499 145
5499 146
5499 147
5499 148
5499 149
5767 202
5767 203
5767 204
5767 205
5767 206
6024 28
6024 29
5741 50
5741 51
5741 52
5741 53
5741 54
5521 5
5521 6
5521 7
5521 8
5521 9
5960 25
5960 26
5960 27
5960 28
5960 29
6026 59
6026 60
6026 61
6026 63
6000 13
6000 14
6000 15
6000 17
6000 36
5971 28
5971 29
5971 30
5971 31
5971 37
5339 35
5339 36
5339 37
5339 38
5339 39
5947 50
5947 51
5947 52
6080 51
6080 52
6080 53
6080 54
6080 55
5343 5
5343 6
5343 7
5343 8
5343 9
5897 52
5897 53
5897 54
5897 55
5897 56
5270 6
5270 9
5270 33
5270 35
5270 44
5918 40
5918 41
5918 42
5918 43
5918 44
5983 20
5983 21
5983 22
5983 23
5983 24
5930 27
5930 28
5930 29
5930 30
5930 31
5280 84
5280 85
5280 86
5280 87
5280 88
5364 101
5364 102
5364 103
5364 104
5364 105
5364 29
5364 106
5364 107
5947 121
5947 123
5947 124
5947 125
5897 0
5897 1
5897 2
5897 3
5897 4
5729 114
5729 116
5729 117
5729 118
5729 120
5940 10
5940 11
5940 28
5990 44
6043 179
6043 180
6043 183
6043 186
6043 187
5171 8
5171 9
5171 18
5171 56
5171 71
5985 171
5985 172
5517 0
5517 1
5517 2
5517 3
5517 4
5726 43
5726 44
5726 46
5726 47
5726 82
5273 72
5273 74
5273 75
5273 76
5273 77
5925 64
5925 65
5925 66
5925 67
5925 68
5495 10
5495 11
5495 12
5495 13
5495 14
5977 142
5977 143
5925 73
5925 74
5925 75
5925 76
5925 77
5517 5
5517 6
5517 7
5517 8
5517 9
5925 60
5925 61
5925 62
5925 63
5925 28
5905 32
5905 33
5905 34
5905 35
6080 21
6080 22
6080 23
6080 24
6080 25
5947 166
5947 167
5947 168
5947 169
5947 170
5729 51
5729 52
5729 53
5729 54
5729 55
5933 188
5933 189
5933 191
5975 20
5979 50
5979 51
5979 52
5979 53
5979 54
5521 40
5521 41
5521 42
5521 43
5521 44
5499 175
5499 176
5499 177
5499 178
5499 179
5906 78
5906 79
5906 80
5906 81
5906 82
6058 113
6058 138
6058 141
6058 142
6058 144
6030 73
6030 75
6030 76
6030 79
6030 80
6065 80
5937 32
5937 33
5937 34
5937 35
5937 36
5515 152
5515 153
5515 154
5515 155
5515 156
5932 15
5932 16
5932 17
5932 18
5932 19
6046 18
6046 19
6046 20
6046 21
6046 22
6076 62
5935 33
5935 34
5935 35
5935 36
5935 37
5947 135
5947 136
5947 137
5947 139
5947 141
5526 5
5526 6
5979 145
5979 146
5979 148
5979 149
5979 150
5493 20
5493 21
5748 0
5748 1
5748 3
5748 4
5748 5
5985 30
5985 32
5985 33
5985 35
5985 36
5948 5
5948 6
5948 7
5948 8
5948 9
5933 180
5933 181
5933 182
5933 183
6046 55
6046 56
6046 57
6046 58
6046 64
5897 10
5897 11
5897 12
5897 13
5897 14
5909 32
5909 33
5909 34
5909 35
5909 36
5905 0
5905 1
5905 2
5905 3
5905 4
5519 63
5519 64
5519 65
5519 66
5519 67
5519 93
5519 94
5519 95
5519 96
5519 97
5340 30
5340 31
5340 32
5340 33
5340 34
5767 41
5767 42
5767 43
5767 44
5767 45
5982 15
5982 16
5982 17
5982 18
5982 20
5977 133
5977 134
5977 135
5977 136
5977 137
5933 102
5933 103
5933 104
5933 105
5933 106
5521 45
5521 46
5521 47
5521 48
5521 49
5948 56
5338 32
6058 54
6058 55
6058 79
6058 80
6058 81
5977 124
5977 125
5977 126
5977 127
6043 178
6043 181
5713 5
5713 6
5713 7
5713 8
5713 9
5280 32
5280 33
5280 34
5280 35
5280 36
5966 147
5966 151
5966 155
5966 158
5741 55
5741 57
5741 58
5361 192
5361 193
5361 194
5361 195
5361 196
5782 115
5782 116
5782 117
5782 118
5782 119
5946 46
5946 47
5946 93
5946 94
5946 95
5905 31
5905 36
5905 37
5905 38
5905 39
5899 20
5899 21
5899 22
5899 23
5899 24
5512 91
5512 148
5512 149
5512 200
5512 201
5985 69
5985 70
5985 71
5985 72
5985 73
5233 99
6074 26
6074 27
6074 28
6074 29
6074 30
5339 85
5339 86
5339 87
5339 88
5339 89
5344 57
5344 58
5344 59
5361 5
5361 6
5361 7
5361 8
5361 9
5508 125
5508 126
5508 127
5508 128
5508 129
5364 28
5364 36
5364 37
5364 38
5364 39
5891 178
5891 179
5891 180
5891 181
5891 182
5331 10
5331 11
5331 12
5331 13
5331 14
5331 215
5331 216
5331 217
5331 218
5331 219
6030 115
6030 117
5506 10
5506 11
5506 12
5506 13
5506 14
5512 55
5512 56
5512 57
5512 58
5512 59
5525 35
5525 36
5525 37
5525 38
5525 39
5331 0
5331 1
5331 2
5331 3
5331 4
5772 20
6058 162
6058 163
6058 165
6058 166
6058 167
5986 25
5986 26
5986 32
5986 33
5986 34
5164 76
5164 77
5164 78
5164 79
5164 82
5512 45
5512 46
5512 47
5512 48
5512 49
5996 64
5996 65
5996 66
5996 67
5996 68
5905 64
5905 65
5905 66
5905 67
5905 68
5515 140
5515 141
5515 142
5515 143
5515 144
5897 5
5897 6
5897 7
5897 8
5897 9
6076 110
6076 111
6076 112
6076 115
6076 123
5741 8
5741 10
5741 11
5741 12
5741 14
6076 70
6076 147
6076 151
5338 33
5338 34
5338 35
5338 36
5338 37
6076 22
6043 76
6043 77
6043 78
6043 79
6043 80
5963 0
5963 1
5963 2
5963 3
5963 6
5718 15
5718 16
5718 18
5718 19
5718 22
5916 15
5916 16
5916 17
5916 18
5916 19
5235 9
5235 10
5235 11
5235 12
5235 13
5947 171
5947 172
5947 173
5947 174
5947 175
5996 52
5996 53
5996 54
5996 55
5509 25
5509 26
5509 27
5509 28
5509 29
6073 25
6073 26
6073 27
6073 28
6073 29
5994 36
5361 93
5361 94
5361 95
5361 96
5361 97
5508 20
5508 21
5508 22
5508 23
5508 24
5724 26
5724 27
5724 28
5724 30
5724 31
5512 177
5512 178
5512 179
5512 180
5512 181
5515 12
5515 13
5515 14
5515 15
5515 16
5758 110
5758 111
5758 112
5758 113
5758 114
5281 45
5281 46
5281 47
5281 48
5281 49
5495 0
5495 1
5495 2
5495 3
5495 4
5513 75
5513 76
5513 77
5513 78
5513 79
5905 27
5905 28
5905 29
5905 30
5328 30
5328 31
5328 32
5328 33
5328 34
5712 115
5712 116
5712 117
5712 118
5712 119
5506 35
5506 36
5506 37
5506 38
5506 39
5994 41
5994 44
5508 85
5508 86
5508 87
5508 88
5508 89
5929 74
5361 190
5361 191
5361 197
5361 198
5361 199
5509 5
5509 6
5509 7
5509 8
5509 9
5361 83
5361 84
5361 85
5361 86
5361 87
5515 50
5515 51
5515 52
5515 53
5515 54
5891 113
5891 114
5891 115
5891 116
5891 117
5779 28
5779 29
5779 30
5779 31
5779 37
5906 93
5906 94
5906 95
5906 96
5906 97
5925 24
5925 27
5957 1
5957 5
5957 21
5957 22
5957 25
5343 22
5343 23
5343 24
5520 0
5520 1
5520 2
5520 3
5520 4
5280 105
5280 106
5280 107
5280 108
5280 109
5959 9
5959 10
5959 11
5959 12
5918 45
5918 46
5918 47
5918 48
5918 49
5364 95
5364 96
5364 97
5364 98
5364 99
6031 111
5990 41
5990 42
5906 50
5906 51
5906 52
5906 53
5906 54
6075 0
6075 1
6075 3
6075 15
6075 17
5755 17
5522 10
5522 11
5522 12
5522 13
5522 14
5525 54
5525 55
5525 56
5525 57
5525 58
5459 99
5459 166
5459 167
5459 168
5459 169
5273 136
5273 137
5273 138
5273 139
5273 140
5512 217
5512 218
5512 219
5273 100
5273 101
5273 102
5273 103
5273 104
5966 33
5966 34
5966 35
5966 36
5966 37
5960 15
5912 9
5912 10
5912 11
5912 12
5912 13
5278 100
5278 101
5278 102
5278 103
5278 104
5331 135
5331 136
5331 137
5331 138
5331 139
6027 76
6027 77
6027 78
5331 32
5331 33
5331 34
5331 35
5331 36
5513 20
5513 21
5513 29
5513 88
5513 89
5164 6
5164 8
5164 17
5164 19
5164 80
5515 157
5515 158
5515 159
5515 180
5515 214
6080 79
6080 80
6080 81
6080 82
6080 83
5340 59
5340 80
5340 81
5340 82
5340 83
5528 30
5528 31
5528 37
5528 38
5528 39
5459 161
5459 162
5459 163
5459 164
5459 165
5985 40
5985 41
5985 42
5985 43
5985 44
5509 50
5509 51
5509 52
5509 53
5509 54
5712 100
5712 101
5712 102
5712 103
5712 104
5332 150
5332 151
5332 152
5332 153
5332 154
5731 25
5731 26
5731 29
5731 30
5912 102
5912 103
5912 104
5912 105
5912 106
5985 111
5985 112
5985 138
5985 139
5985 140
5891 123
5891 124
5891 125
5891 126
5891 127
5914 3
5914 4
5914 5
5914 7
5914 8
5280 20
5280 21
5280 22
5280 23
5280 111
5731 19
5731 23
5731 24
5731 27
5731 28
5432 20
5432 21
5332 0
5332 1
5332 2
5332 3
5332 4
5334 40
5334 41
5334 42
5334 43
5334 44
5331 25
5331 26
5331 27
5331 28
5331 29
5273 152
5273 153
5273 155
5273 156
5273 157
5925 7
5925 8
5925 9
5513 65
5513 66
5513 67
5513 68
5513 69
5326 107
5326 108
5326 109
5326 110
5326 111
5361 88
5361 89
5361 90
5361 91
5361 92
5975 33
5975 34
5975 45
5975 46
5975 49
5782 0
5782 1
5782 2
5344 5
5344 6
5344 7
5344 20
5344 21
5361 178
5776 10
5776 11
5776 12
5776 13
5776 14
5226 6
5226 8
5226 35
5226 64
5226 65
5916 32
5916 33
5916 34
5916 35
5916 36
5501 15
5501 16
5501 17
5501 18
5501 19
5278 50
5278 51
5278 52
5278 53
5278 54
5941 14
5941 15
5941 16
5941 17
5941 18
5445 55
5445 56
6031 105
6031 106
6031 109
6031 114
6031 197
5499 60
5499 61
5499 62
5499 63
5499 64
5515 0
5515 1
5515 2
5515 3
5515 4
5914 24
5914 25
5914 26
5914 27
5914 28
5333 30
5333 31
5333 32
5333 33
5333 34
5932 5
5932 6
5932 7
5932 8
5932 9
5724 7
5724 8
5724 10
5724 11
5724 12
5782 38
5782 39
5782 40
5782 41
5782 42
5765 9
5765 10
5765 11
5765 12
5765 13
5914 93
5914 94
5914 95
5914 96
5914 97
5933 148
5933 149
5933 150
5933 151
5933 152
5332 192
5332 194
5332 195
5332 196
5332 197
5948 27
5948 28
5948 29
5948 30
5948 31
5507 35
5507 36
5507 37
5507 38
5507 39
6075 20
6075 21
6075 22
6075 23
6075 25
6075 31
6075 32
6075 33
6075 34
6075 35
5233 123
6024 83
6024 84
6024 85
6024 86
6024 87
5996 42
5996 43
5996 44
5996 45
5996 46
5281 20
5281 21
5281 22
5281 23
5281 24
5332 185
5332 186
5332 187
5332 188
5332 189
5937 57
5278 40
5278 41
5278 42
5278 43
5278 44
5278 80
5278 81
5278 82
5278 83
5278 84
5758 105
5758 106
5758 107
5758 108
5758 109
5969 39
5969 40
5969 41
5969 42
5969 43
5741 0
5741 3
5741 4
5741 6
5741 7
5367 11
5367 40
5367 41
5367 42
5367 43
5897 57
5897 58
5897 59
5897 60
5897 61
5361 30
5361 31
5361 32
5361 33
5361 34
5910 108
5782 90
5782 91
5782 92
5782 93
5782 94
5933 138
5933 139
5933 140
5933 141
5933 142
5331 85
5331 86
5331 87
5331 88
5331 89
5947 93
5273 105
5273 106
5273 107
5273 108
5273 109
5960 49
5168 2
5168 5
5168 7
5168 9
5168 12
5953 10
5953 14
5953 17
5953 19
5333 45
5333 46
5333 47
5333 48
5333 49
5169 47
5169 59
5169 115
5331 90
5331 91
5331 92
5331 93
5331 94
5765 44
5765 45
5765 46
5765 47
5765 48
5906 76
5906 77
5906 108
5906 160
5947 8
5947 9
5947 10
5947 11
5947 12
5940 33
5940 34
5940 38
5940 41
5940 43
5507 15
5507 16
5507 17
5507 18
5507 19
5278 0
5278 1
5278 2
5278 3
5278 4
5332 60
5332 61
5332 62
5332 68
5332 69
6080 109
6080 110
5718 39
5353 0
5353 1
5353 2
5353 3
5353 4
5733 76
5733 77
5733 78
5733 80
5733 81
5331 65
5331 66
5331 67
5331 68
5331 69
5331 75
5331 76
5331 77
5331 78
5331 79
6075 2
6075 4
6075 5
6075 6
6075 7
5507 5
5507 6
5507 7
5507 8
5507 9
6024 105
5942 26
5961 48
5961 49
5961 50
5961 51
5961 52
5959 21
5959 22
5959 24
5959 25
5959 26
6046 65
6046 66
6046 67
6046 68
6046 69
5331 105
5331 106
5331 107
5331 108
5331 109
5905 12
5905 13
5905 14
5905 15
5905 16
5512 20
5512 21
5512 22
5512 23
5512 24
5328 15
5328 16
5328 17
5328 18
5328 19
5930 39
5930 40
5930 41
5930 42
5930 43
5932 40
5932 41
5932 42
5933 77
5933 78
5933 79
5933 80
5933 81
5761 16
5761 17
5761 19
5761 20
5761 21
5280 42
5280 43
5280 44
5280 45
5280 46
5332 85
5332 86
5332 87
5332 88
5332 89
5508 5
5508 6
5508 7
5508 8
5508 9
5741 20
5741 21
5741 22
5741 23
5741 24
5521 25
5521 26
5521 27
5521 28
5521 29
5960 30
5960 31
5960 32
5960 33
5960 34
5977 13
5977 14
5977 15
5977 16
5977 17
5331 210
5331 211
5331 212
5331 213
5331 214
5765 29
5765 30
5765 31
5765 32
5765 33
5445 32
5332 30
5332 31
5332 32
5332 33
5332 34
5169 97
5169 98
5169 99
5169 102
5169 164
5499 25
5499 26
5499 27
5499 28
5499 29
5519 68
5519 69
5519 70
5519 71
5519 72
6063 41
6063 44
6079 11
6079 12
6079 13
6079 15
6079 16
6024 88
6024 89
6024 90
6024 93
6024 94
6046 96
6046 98
6046 99
6046 100
6046 102
5326 36
6024 91
6024 92
5364 125
5364 126
5364 127
5364 128
5364 129
5333 15
5333 16
5333 17
5333 18
5333 19
5762 159
5762 160
5762 161
5762 162
5762 164
5766 10
5766 11
5766 12
5766 13
5766 16
5897 25
5897 26
5897 27
5897 28
5897 29
6030 0
6030 1
6030 2
6030 3
6030 4
5280 0
5280 1
5280 2
5280 3
5280 4
5332 165
5332 166
5332 167
5332 168
5332 169
5367 0
5367 1
5367 2
5367 3
5367 4
5733 54
5733 55
5733 56
5733 58
5733 59
5511 35
5511 36
5511 37
5511 38
5511 39
5937 37
5937 38
5937 39
5937 40
5937 41
5947 160
5947 161
5947 162
5947 163
5947 164
5983 71
5983 72
5983 74
5983 75
5983 76
5328 70
5328 71
5328 72
5328 73
5328 74
6000 30
6000 31
6031 117
6031 119
6031 120
6031 124
6031 125
5762 0
5762 1
5762 3
5762 4
5762 5
5891 73
5891 74
5891 75
5891 76
5891 77
5511 50
5511 51
5511 52
5511 53
5511 54
5511 40
5511 41
5511 42
5511 43
5511 44
5783 88
5783 89
5783 90
5783 91
5783 92
5925 0
5925 1
5977 128
5977 129
5977 130
5977 131
5977 132
5512 117
5512 118
5512 119
5512 120
5512 121
6030 24
6030 25
6030 55
6030 84
6030 87
5499 75
5499 76
5499 77
5499 78
5499 79
5281 55
5281 56
5281 57
5281 58
5281 59
5326 87
5326 88
5326 89
5326 90
5326 91
5343 0
5343 1
5343 2
5343 3
5343 4
5942 25
5339 70
5339 71
5339 72
5339 73
5339 74
5895 10
5895 11
5895 12
5895 13
5895 14
5977 161
5977 163
5977 164
5977 165
5977 168
5366 20
5366 21
5366 22
5366 23
5366 24
5983 93
5983 94
5983 95
5914 0
6076 124
6076 125
6076 126
6076 127
5733 29
5733 30
5733 33
5733 34
5733 37
5961 25
5961 26
5961 27
5961 28
5961 29
5762 53
5762 54
5762 56
5762 57
5762 58
5767 32
5767 36
5767 106
5767 107
5767 113
5769 63
5516 110
5516 111
5516 112
5204 150
5353 40
5353 41
5353 42
5353 43
5353 44
5328 20
5328 21
5328 22
5328 23
5328 24
5508 70
5508 71
5508 72
5508 73
5508 74
5996 22
5996 23
5996 25
5996 26
5996 27
6074 6
6074 7
6074 8
6074 9
6074 10
5906 176
5906 177
5906 178
5906 179
5906 181
5332 105
5332 106
5332 107
5332 108
5332 109
5515 170
5515 171
5515 172
5515 173
5515 174
5912 34
5912 35
5912 36
5895 25
5895 26
5895 27
5895 28
5895 29
5281 0
5281 1
5281 2
5281 3
5281 4
5892 49
5892 50
5892 51
5892 52
5892 53
5720 22
5720 25
5720 26
5497 160
5497 161
5497 162
5522 5
5522 6
5522 7
5522 8
5522 9
5910 106
5986 35
5731 14
5731 15
5731 16
5731 32
5731 34
5899 40
5899 41
5899 42
5899 43
5899 44
5910 107
5783 73
5783 74
5783 75
5783 76
5783 77
5765 34
5765 35
5765 36
5765 37
5765 38
5925 128
5925 129
5925 130
5925 131
5925 132
5339 25
5339 26
5339 27
5339 28
5339 29
5733 0
5733 1
5733 2
5733 3
5733 4
5896 30
5896 31
5896 32
5896 33
5896 34
5513 40
5513 41
5513 42
5513 43
5513 44
5511 10
5511 11
5511 12
5511 13
5511 14
5914 117
5914 118
5914 119
5904 20
5904 21
5904 22
5904 23
5904 24
5975 31
5975 51
5975 5
5975 6
5975 7
5975 8
5975 9
5332 170
5332 171
5332 172
5332 173
5332 174
5726 30
5726 31
5726 32
5726 80
5726 90
5362 0
5362 1
5362 2
5362 3
5362 4
6058 45
6058 46
6058 47
5957 2
5957 10
5957 20
5957 23
5957 24
5914 127
5914 56
5914 57
5914 58
5914 59
5914 60
5891 98
5891 99
5891 100
5891 101
5891 102
5515 62
5515 63
5515 67
5515 98
5515 99
5729 99
5729 100
5729 101
5729 102
5729 103
5929 99
5929 103
5929 107
5929 108
5929 111
5925 114
5925 115
5925 116
5925 117
5925 118
5924 15
5924 16
5924 17
5924 18
5924 19
5985 146
5985 147
5985 148
5985 149
5985 150
5513 30
5513 31
5513 32
5513 33
5513 34
5906 40
5906 41
5233 20
5233 137
5233 139
5233 140
5233 141
5515 125
5515 126
5515 127
5515 128
5515 129
6000 26
6000 32
6000 33
6000 34
6000 37
5364 27
5364 30
5364 31
5364 100
5364 157
5281 39
5914 66
5914 67
5338 44
5338 45
5338 46
5914 31
5914 32
5914 33
5914 34
5914 35
6046 1
6046 2
6046 5
5364 135
5364 136
5364 137
5364 138
5364 139
5280 30
5280 31
5280 37
5280 38
5280 39
5340 61
5340 62
5340 63
5340 64
5340 65
5382 214
5774 62
5774 64
5774 65
5774 66
5774 67
5512 92
5512 93
5512 94
5512 95
5512 207
5990 56
5990 59
5990 63
5774 78
5774 79
5774 80
5774 81
5774 82
5909 74
5909 75
5909 79
5340 10
5340 11
5340 12
5340 13
5340 14
6052 64
6052 67
6052 68
6052 71
6052 75
5333 96
5781 10
5781 11
5781 12
5781 13
5509 15
5509 16
5509 17
5509 18
5509 19
5776 18
5776 19
5776 20
5776 21
5776 22
5983 69
5983 84
5983 88
5983 92
5891 173
5891 174
5891 175
5891 176
5891 177
5508 105
5508 106
5508 107
5508 108
5508 109
6025 53
6025 54
6025 55
6025 56
6025 57
6076 61
6017 15
5906 4
5906 5
5906 6
5906 7
5906 8
5326 67
5326 68
5326 69
5326 70
5326 71
5969 10
5969 11
5969 12
5969 13
5969 14
5762 197
5762 198
5762 199
5762 200
5762 201
5280 180
5233 33
5233 34
5233 38
5233 40
5233 69
5718 10
5718 11
5718 12
5718 13
5718 14
5925 175
5925 176
5925 177
5925 178
5925 179
5930 55
5769 21
5769 22
5769 23
5769 24
5769 25
5339 30
5339 31
5339 32
5339 33
5339 34
5897 40
5897 41
5897 42
5897 43
5897 44
5891 93
5891 94
5891 95
5891 96
5891 97
5896 40
5896 41
5896 42
5896 43
5896 44
6046 28
6046 29
6046 30
6046 31
6046 32
5508 115
5508 116
5508 117
5508 118
5508 119
5941 28
5941 29
5941 30
5941 31
5720 23
5720 24
5720 27
5720 28
5720 29
5332 50
5332 51
5332 52
5332 53
5332 54
6076 31
6076 32
6076 35
6076 36
6076 37
5528 25
5528 26
5528 27
5528 28
5528 29
5933 155
5933 156
5933 157
5933 158
5933 159
5273 95
5273 96
5273 97
5273 98
5273 99
5772 5
5772 6
5772 7
5772 8
5772 9
5331 220
5331 221
5331 222
5331 223
5331 224
5909 42
5909 43
5909 44
5909 45
5909 46
5953 5
5953 6
5953 7
5953 8
5953 9
5977 52
5977 53
5977 54
5977 55
5977 56
5280 178
5280 179
5326 72
5326 73
5326 74
5326 75
5326 76
5905 40
5905 41
5905 42
5905 43
5905 44
5761 10
5761 11
5761 12
5761 14
5761 15
5720 15
5720 16
5720 17
5720 19
5720 20
5367 9
5273 67
5273 68
5273 69
5273 70
5273 71
5910 53
5910 54
5910 55
5910 56
5910 57
6080 56
6080 57
6080 58
6080 59
6080 60
5331 185
5331 186
5331 187
5331 188
5331 189
5517 10
5517 11
5517 12
5517 13
5517 14
5326 117
5326 118
5326 119
5326 120
5326 121
5331 80
5331 81
5331 82
5331 83
5331 84
5361 75
5361 76
5361 77
5361 78
5361 79
5519 23
5519 24
5519 25
5519 26
5519 27
5891 103
5891 104
5891 105
5891 106
5891 107
5929 121
5332 64
5332 65
5332 66
5332 67
5512 220
5512 221
5512 222
5512 223
5512 224
6056 35
5914 88
5914 89
5914 90
5914 91
5914 92
5497 20
5497 21
5497 22
5497 23
5497 24
5904 31
5904 32
5733 32
5733 39
5733 91
5733 94
5733 108
5933 107
5933 108
5933 109
5525 40
5525 41
5525 42
5525 43
5525 44
5940 32
5940 35
5940 36
5940 37
5940 39
5932 25
5932 26
5932 27
5932 28
5932 29
5918 10
5918 11
5918 12
5918 13
5918 14
5977 153
5515 205
5515 206
5515 207
5515 208
5515 209
5925 134
5925 135
5925 136
5925 210
5925 213
5948 54
5948 55
5891 58
5891 59
5891 60
5891 61
5891 62
5326 62
5326 63
5326 64
5326 65
5326 66
5966 88
5966 89
5966 90
5966 91
5966 92
5977 7
5937 47
5937 49
5966 173
5966 174
5966 175
5897 20
5897 21
5897 22
5897 23
5897 24
5364 165
5364 166
5364 167
5364 168
5364 169
5966 133
5966 134
5966 135
5966 136
5966 137
5722 0
5722 3
5722 4
5722 5
5722 7
5781 0
5781 1
5781 2
5781 3
5781 4
5729 109
5729 110
5729 111
5729 112
5729 113
5519 122
5519 123
5519 124
5519 188
5519 189
5204 12
5204 48
5204 50
5204 70
5204 86
5933 10
5933 11
5891 33
5891 34
5891 35
5891 36
5891 37
5948 0
5948 1
5948 2
5948 3
5948 4
5519 17
5519 18
5519 19
5519 30
5519 31
5891 0
5891 1
5891 2
5891 3
5891 4
5946 31
5779 43
5779 44
5779 45
5779 46
5947 64
5947 65
5947 66
5947 67
5947 68
5935 47
5935 48
5935 77
5935 98
5935 99
5339 10
5339 11
5339 12
5339 13
5339 14
5912 72
5912 73
5912 74
5912 75
5912 76
5470 80
5470 81
5470 82
5733 60
5733 62
5733 63
5733 64
5733 65
5333 50
5333 51
5333 52
5333 53
5333 54
5895 5
5895 6
5895 7
5895 8
5895 9
5957 6
5957 11
5957 15
5957 17
5905 51
5905 52
5905 53
5905 54
5905 55
6031 68
6031 70
6031 72
6031 75
6031 76
5925 88
5925 89
5925 90
5925 91
5925 92
5331 120
5331 121
5331 122
5331 123
5331 124
5914 36
5914 37
5914 38
5914 39
5914 40
5273 125
5273 126
5273 128
5273 129
5273 130
5367 17
5367 18
5367 19
5925 55
5925 56
5925 57
5925 58
5925 59
5515 181
5515 182
5515 183
5515 184
5515 185
5731 17
5731 18
5731 20
5731 21
5731 22
5755 8
5755 9
5755 12
5755 13
5777 0
5777 1
5777 2
5777 3
5777 4
5940 21
5940 22
5940 40
5940 42
5940 44
5278 5
5278 6
5278 7
5278 9
5278 110
6030 41
6030 42
6030 43
6030 44
6030 45
5782 100
5969 34
5969 35
5969 36
5969 37
5969 38
5971 48
5971 64
5971 67
5344 44
5344 45
5344 46
5344 47
5344 48
5339 65
5339 66
5339 67
5339 68
5339 69
5339 55
5339 56
5339 57
5339 58
5339 59
5767 66
5767 67
5767 68
5767 69
5767 70
5364 55
5364 56
5364 57
5364 58
5364 59
5897 50
5897 51
5897 64
5897 65
5897 66
5499 125
5499 126
5499 127
5499 128
5499 129
5979 33
5979 34
5979 35
5979 37
5979 38
5361 143
5361 144
5361 145
5361 146
5361 147
5930 89
5930 90
5930 91
5930 92
5961 8
5961 9
5508 95
5508 96
5508 97
5508 98
5508 99
5975 74
5975 75
5975 76
5975 77
5975 78
5977 159
5361 165
5361 166
5361 167
5361 168
5361 169
5525 25
5525 26
5525 27
5525 28
5525 29
5731 1
5731 2
5731 3
5731 5
5731 6
6046 48
6046 49
6046 50
6046 51
6046 52
5774 93
5774 94
5774 95
5774 96
5774 97
5725 56
5725 57
5725 58
5725 59
5725 60
5515 45
5515 46
5515 47
5515 48
5515 49
5975 0
5975 1
5975 2
5975 3
5975 4
6076 5
6076 6
6076 7
6076 8
6076 9
5914 19
5914 20
5914 21
5914 22
5914 23
5891 193
5891 194
5929 90
5929 91
5929 92
5929 93
5929 94
5513 35
5513 36
5513 37
5513 38
5513 39
5526 7
5526 8
5526 9
5340 5
5340 6
5340 7
5340 8
5340 9
5519 125
5519 126
5519 127
5783 113
5783 114
5783 115
5783 116
5783 117
5949 27
5949 28
5949 29
5949 31
5280 70
5280 71
5280 72
5280 73
5280 74
5896 35
5896 36
5896 37
5896 38
5896 39
5719 62
5719 63
5719 64
5719 65
5719 66
5930 64
5930 65
5930 66
5930 67
5930 68
5508 40
5508 41
5508 42
5508 43
5508 44
5933 187
5933 212
5933 213
5933 215
5278 30
5278 31
5278 32
5278 33
5278 34
5948 10
5948 11
5948 12
5948 13
5948 14
5909 17
5909 18
6031 122
6031 123
6031 126
6031 127
6027 121
6027 124
5929 44
5929 45
5929 46
5929 47
5929 48
5985 107
5985 108
5985 110
6080 31
6080 42
6080 43
5937 6
5937 7
5937 8
5937 9
5937 10
5769 15
5769 16
5769 17
5769 18
5769 19
5733 47
5733 48
5733 50
5733 51
5733 52
5361 50
5361 51
5361 52
5361 53
5361 54
6076 73
6076 74
6076 77
6076 82
6076 84
5513 50
5513 51
5513 52
5513 53
5513 54
5719 32
5719 33
5719 34
5719 35
5719 36
5782 110
5782 111
5782 112
5782 113
5782 114
5966 12
5966 20
5511 25
5511 26
5511 27
5511 28
5511 29
5975 87
5975 89
5975 90
5975 91
5975 93
5925 83
5925 84
5925 85
5925 86
5925 87
5932 30
5932 31
5932 37
5932 38
5932 39
5338 5
5338 6
5338 7
5338 8
5338 9
5774 35
5774 36
5774 37
5774 38
5774 39
6043 169
5776 55
5776 56
5776 57
5776 58
5776 59
6025 71
6025 72
6025 73
6025 74
6025 75
5986 5
5986 6
5986 7
5986 8
5986 9
6043 170
6043 171
6043 174
6043 175
6043 176
5965 0
5965 2
5965 3
5965 4
5965 7
5462 55
5462 56
5462 57
5462 58
5462 59
6025 64
6025 65
6025 66
6025 67
6025 68
5525 60
5525 64
5525 65
5525 66
5525 67
5904 25
5904 26
5904 27
5904 28
5904 29
5767 16
5767 17
5767 18
5767 19
5767 20
5718 0
5718 1
5718 2
5718 3
5718 4
5905 45
5905 46
5905 47
5905 48
5905 49
5519 145
5519 146
5519 147
5519 148
5519 149
5273 94
5985 192
5985 193
5985 196
5985 197
5985 200
5353 5
5353 6
5353 7
5353 8
5353 9
5528 64
5528 65
5528 66
5528 67
5528 68
5508 100
5508 101
5508 102
5508 103
5508 104
5914 83
5914 84
5914 85
5914 86
5914 87
5361 40
5361 41
5361 42
5361 43
5361 44
5910 0
5985 20
5985 21
5985 22
5985 23
5985 24
5281 5
5281 6
5281 7
5281 8
5281 9
5925 170
5925 171
5925 172
5925 173
5925 174
5769 66
5769 67
5769 68
5769 69
5769 70
5929 120
5905 5
5905 6
5905 7
5905 8
5905 9
5340 35
5340 36
5340 37
5340 38
5340 39
5935 86
5935 87
5515 40
5515 41
5515 42
5515 43
5515 44
5914 120
5914 121
6027 2
5769 20
5769 32
5769 36
5769 40
5769 51
5164 0
5164 1
5164 2
5164 3
5164 4
5459 220
5459 221
5459 222
5459 223
5459 224
5331 165
5331 166
5331 167
5331 168
5331 169
5326 52
5326 53
5326 54
5326 55
5326 56
5762 75
5762 76
5762 78
5762 79
5762 81
5515 75
5515 76
5515 77
5515 78
5515 79
5947 40
5947 41
5947 42
5947 43
5947 44
5515 61
5515 64
5515 65
5515 190
5515 191
6043 138
6043 139
6043 140
6043 142
6043 143
5364 60
5364 61
5364 62
5364 63
5364 64
5905 50
5990 8
6074 16
6074 17
6074 18
6074 19
6074 20
5782 53
5782 54
5782 55
5782 56
5339 75
5339 76
5339 77
5339 78
5339 79
5364 118
5364 119
5333 80
5333 81
5333 82
5333 83
5333 84
5909 10
5909 13
5909 19
5909 20
5909 21
5996 61
5996 62
5996 63
5779 5
5779 18
5779 22
5779 26
5966 15
5977 31
5977 39
5977 41
5977 42
5977 43
5918 5
5918 6
5918 7
5918 8
5918 9
5748 7
5748 8
5748 11
5748 12
5748 15
6046 103
6046 104
6046 105
6046 153
6046 154
6058 111
5895 40
5895 41
5895 42
5895 43
5895 44
5516 59
5516 60
5516 61
5516 62
5516 63
5905 17
5905 18
5905 19
5905 20
5905 21
5930 74
5930 76
5930 77
5930 78
5930 81
5948 45
5512 137
5512 138
5512 139
5512 150
5512 151
6043 32
6043 33
6043 34
6043 35
6043 36
5933 0
5933 1
5933 2
5933 3
5933 4
5164 27
5164 31
5164 32
5164 33
5164 35
5985 50
5985 51
5985 52
5985 53
5985 54
5906 88
5906 89
5906 90
5906 91
5906 92
5910 6
5910 7
5910 8
5910 9
5910 10
5968 20
5968 21
5968 23
5933 165
5933 166
5933 167
5933 168
5933 169
5516 100
5516 101
5516 102
5516 103
5516 104
6074 125
6074 126
6074 127
6074 128
6074 129
5925 163
5925 164
5985 34
5985 37
5985 38
5985 39
5366 15
5366 16
5366 17
5366 18
5366 19
5344 22
5344 23
5344 24
5344 25
5344 26
5925 45
5925 46
5925 47
5925 48
5925 49
6031 147
6031 148
6031 149
6031 152
6031 154
5499 192
5499 193
5499 194
5499 195
5499 196
5994 15
5994 16
5994 17
5994 18
5994 19
5914 1
5344 39
5226 14
5226 41
5226 44
5226 50
5226 57
5364 210
5364 211
5364 212
5364 213
5364 214
6024 41
6024 42
6024 43
6024 44
6024 45
5892 30
5892 31
5892 32
5892 33
5892 34
5525 30
5525 31
5525 32
5525 33
5525 34
5769 55
5769 56
5769 57
5769 58
5769 59
6043 163
6043 165
6043 166
6043 167
6043 168
5367 30
5367 31
5367 32
5367 33
5367 34
5333 40
5333 41
5333 42
5333 43
5333 44
5518 20
5518 21
5518 22
5518 23
5518 24
5332 15
5332 16
5332 17
5332 18
5332 19
5961 47
5961 53
5906 142
5906 146
5906 150
5906 163
5906 167
5512 10
5512 11
5512 140
5512 141
5512 142
5719 6
5719 8
5507 20
5507 21
5507 22
5507 23
5507 24
6080 104
6080 105
6080 106
6080 107
6080 108
5512 212
5512 213
5512 214
5512 215
5512 216
5515 86
5515 87
5515 88
5515 212
5515 213
5499 50
5499 51
5499 52
5499 53
5499 54
5526 0
5526 1
5526 2
5526 3
5526 4
6031 137
6031 140
6031 144
6031 145
6031 205
5519 37
5519 38
5519 39
5519 40
5519 41
6027 56
6027 57
6027 58
6027 74
6027 75
5519 73
5519 74
5519 75
5519 76
5519 77
5712 143
5712 144
5712 145
5712 146
5712 147
5985 141
5985 142
5985 143
5985 144
5985 145
5767 126
5767 127
5767 128
5767 129
5767 130
5947 131
5947 134
5947 138
5947 140
5947 142
5923 15
5923 16
5923 17
5923 18
5923 19
5507 10
5507 11
5507 12
5507 13
5507 14
5767 71
5767 72
5767 73
5767 74
5767 75
5528 32
5528 33
5528 34
5528 35
5528 36
5935 61
5935 62
5935 63
5722 32
5722 33
5515 145
5515 146
5515 147
5515 148
5515 149
5947 25
5947 26
5947 27
5947 28
5947 29
5761 23
6076 116
6076 118
5515 100
5515 101
5515 102
5515 103
5515 104
5774 20
5774 21
5774 22
5774 23
5774 24
5758 67
5758 68
5758 75
5758 79
5758 80
5976 3
5976 7
5976 11
5976 22
5976 26
5333 35
5333 36
5333 37
5333 38
5333 39
5953 11
5953 12
5953 13
5953 15
5953 16
5948 20
5948 21
5948 22
5948 23
5948 24
5783 99
5783 100
5783 101
5783 102
5783 103
5776 0
5776 1
5776 2
5776 3
5776 4
5961 10
5961 11
5961 12
5961 64
5961 69
5947 146
5947 147
5947 149
5947 151
5947 152
6030 16
6030 19
6030 81
6030 82
6030 85
6055 6
6055 7
6055 8
6055 9
6055 12
5990 26
5990 27
5990 28
5990 29
5990 30
5912 87
5912 88
5912 89
5912 90
5912 96
5929 59
5929 60
5929 61
5929 62
5929 63
5360 5
5360 6
5360 7
5360 8
5360 9
5966 38
5966 39
5966 40
5966 41
5966 42
5339 60
5339 61
5339 62
5339 63
5339 64
5331 20
5331 21
5331 22
5331 23
5331 24
5914 14
5914 15
5914 16
5914 17
5914 18
5281 60
6080 99
6080 100
6080 101
6080 102
6080 103
5783 104
5783 105
5331 155
5331 156
5331 157
5331 158
5331 159
5935 23
5935 24
5935 25
5935 26
5935 27
5343 11
5343 12
5343 13
5343 16
5343 17
6058 53
5906 75
5906 152
5906 161
5906 162
5906 164
6017 8
5946 76
5946 77
5946 78
5946 79
5946 80
5977 101
5977 102
5977 103
5977 104
5977 105
5930 49
5930 50
5930 51
5930 52
5930 53
5511 30
5511 31
5511 32
5511 33
5511 34
5774 52
5774 53
5774 54
5774 55
5774 56
5360 10
5360 11
5360 12
5360 13
5360 14
5929 95
5719 72
5719 73
5719 74
5719 75
5719 76
5326 127
5326 128
5326 129
5326 130
5326 131
5712 105
5712 106
5712 107
5712 108
5712 109
5516 54
5516 55
5516 56
5516 57
5516 58
5782 63
5340 25
5340 26
5340 27
5340 28
5340 29
5366 0
5366 1
5366 2
5366 3
5366 4
5933 63
5758 5
5758 7
5758 8
5758 9
5758 70
5512 225
5515 200
5515 201
5515 202
5515 203
5515 204
5725 8
5725 9
5725 10
5725 12
5725 13
6027 99
6027 102
6027 103
6027 106
6027 110
5344 64
5344 65
5344 66
5344 67
5344 68
5909 0
5909 1
5909 2
5909 3
5909 4
5966 186
5966 188
5966 189
5966 190
5519 98
5519 99
5519 100
5519 101
5519 102
5459 82
5459 83
5459 84
5459 85
5459 86
5925 155
5925 157
5925 158
5343 14
5767 81
5767 82
5767 83
5767 84
5767 85
5966 113
5966 114
5979 135
5979 138
5979 147
5979 151
5979 155
5401 40
5401 41
5935 71
5935 72
6043 37
6043 38
6043 39
6043 40
6043 41
5912 29
5912 30
5912 31
5912 32
5912 33
5332 190
5332 191
5332 198
5332 199
5332 200
5914 41
5914 42
5914 43
5914 44
5914 45
5523 3
5523 4
5523 5
5523 6
5523 7
6046 90
6046 94
6046 95
5233 81
5233 93
5233 106
5233 112
5233 119
5949 16
5949 17
5949 18
5949 19
5949 20
5977 33
5977 34
5977 35
5977 37
5977 38
5767 207
5767 208
5767 209
5767 210
5767 211
5923 43
5923 44
5923 45
5923 46
5923 47
5979 140
5979 141
5979 142
5979 143
5979 144
5508 45
5508 46
5508 47
5508 48
5508 49
5235 40
5235 42
5235 43
5235 44
5235 45
5925 93
5925 94
5925 95
5733 98
5733 99
5733 101
5733 102
5733 105
5899 10
5899 11
5899 12
5899 13
5899 14
6030 103
6030 104
6030 105
6030 106
6030 107
5326 37
5326 38
5326 39
5326 40
5326 41
5957 9
5957 12
5957 13
5957 16
5957 19
5513 45
5513 46
5513 47
5513 48
5513 49
5782 101
5782 102
5782 103
5782 104
5782 155
5340 75
5340 76
5340 77
5340 78
5340 79
5971 75
5971 76
5971 77
5971 78
5971 79
6080 18
6080 19
6080 20
6027 0
6027 1
6027 3
6027 4
6027 5
5782 16
5782 17
5782 18
5782 19
5782 21
5906 68
5906 69
5906 71
5906 73
5906 109
5277 19
5277 22
5277 23
5762 37
5762 38
5762 41
5762 42
5762 43
5758 14
5758 18
5758 19
5758 23
5758 24
5724 0
5724 2
5724 3
5724 4
5724 6
6055 42
6055 44
6055 62
5364 25
5364 109
5362 15
5362 16
5362 17
5362 18
5362 19
6055 15
6055 26
6055 43
5364 21
5364 22
5364 23
5364 24
5364 153
5914 109
5914 138
5280 29
5280 40
5280 41
5280 110
5280 112
5328 95
5328 96
5328 97
5328 98
5328 99
5278 85
5278 86
5278 87
5278 88
5278 89
5500 5
5500 6
5500 7
5500 8
5500 9
6075 8
6075 9
6075 10
6075 11
6075 12
5273 11
5273 12
5273 13
5273 14
5273 15
5365 5
5365 6
5365 7
5365 8
5365 9
5782 95
5782 96
5782 97
5782 98
5782 99
5361 123
5361 124
5361 125
5361 126
5361 127
5966 59
5966 60
5966 61
5966 62
5966 63
5364 130
5364 131
5364 132
5364 133
5364 134
5326 112
5326 113
5326 114
5326 115
5326 116
5726 66
5726 67
5726 70
5726 71
5726 74
5933 97
5933 98
5933 99
5933 100
5933 101
5499 135
5499 136
5499 137
5499 138
5499 139
5332 90
5332 91
5332 92
5332 93
5332 94
5365 31
5906 123
5906 124
5906 125
5933 58
5933 59
5933 200
5933 201
5933 203
6046 126
6046 127
5171 75
6073 0
6073 1
6073 2
6073 3
6073 4
5929 34
5929 35
5929 36
5929 37
5929 38
5713 16
5713 17
5713 18
5713 19
5713 20
5937 11
5515 66
5515 90
5515 91
5515 92
5515 199
5280 158
5280 159
5280 160
5280 161
5280 162
5914 133
5914 134
5914 135
5914 136
5914 137
5774 73
5774 74
5774 75
5774 76
5774 77
5516 25
5516 26
5516 27
5516 28
5516 29
5933 126
5933 127
5933 153
5933 154
5361 170
5361 173
5361 174
5361 175
5361 176
6076 11
6076 12
6076 13
6076 14
6076 15
5906 20
5906 21
5906 22
5906 23
5906 24
6031 15
6031 16
6031 17
6031 18
6031 19
5365 25
5365 26
5365 27
5365 28
5365 29
5971 96
5971 97
5971 98
5971 100
5971 101
5914 46
5914 47
5914 48
5914 49
5914 50
5956 12
5956 16
5956 17
5956 21
5956 24
5924 10
5924 11
5924 12
5924 13
5924 14
5983 45
5983 46
5983 47
5983 48
5983 49
6058 145
6058 146
6058 147
6058 149
6058 150
6036 37
6036 38
6036 39
6036 40
6036 41
5497 5
5497 6
5497 7
5497 8
5497 9
5923 0
5923 1
5923 2
5923 3
5923 4
5965 10
5965 12
5965 13
5965 14
5326 122
5326 123
5326 124
5326 125
5326 126
6043 141
6043 146
6043 150
6043 160
6043 164
5326 102
5326 103
5326 104
5326 105
5326 106
5933 57
5933 199
5235 46
5235 48
5235 50
5235 52
5235 53
5762 191
5925 10
5778 5
5778 6
5778 7
5778 8
5778 9
5515 5
5515 6
5515 7
5515 8
5515 9
5959 7
5959 14
5959 19
5959 35
5959 39
5511 55
5511 56
5511 57
5511 58
5511 59
6000 25
6000 28
6000 29
5762 123
5762 124
5762 127
6026 78
6026 79
6026 80
6026 83
5909 47
5909 48
5909 49
5909 50
5909 51
5169 28
5169 49
5169 153
5169 170
5762 7
5762 45
5762 46
5762 119
5762 120
5982 26
5982 27
5982 28
5982 29
5982 30
5720 2
5720 3
5720 6
5720 10
5720 21
5340 40
5340 41
5340 42
5340 43
5340 44
6065 35
6065 36
6065 37
6065 38
6065 39
5935 91
5935 92
5935 93
5935 94
5935 95
5722 8
5722 11
5722 12
5722 15
5722 16
5281 15
5281 16
5281 17
5281 18
5281 19
5971 47
5971 51
5233 9
5233 43
5233 47
5233 50
5233 56
5774 30
5774 31
5774 32
5774 33
5774 34
5758 81
5758 82
5758 84
5758 98
5758 99
5990 1
5990 2
5990 5
5990 9
5365 15
5365 16
5365 17
5365 18
5365 19
5733 31
5733 35
5733 96
5733 100
5733 103
5946 32
5946 33
5946 35
5946 36
5946 37
5277 7
5277 8
5277 9
5277 10
5277 11
5947 15
5947 24
5339 105
5339 106
5339 107
5339 108
5339 109
5961 44
5961 45
5961 46
5892 40
5892 41
5892 42
5892 43
5892 44
5353 25
5353 26
5353 27
5353 28
5353 29
5499 110
5499 111
5499 112
5499 113
5499 114
5891 188
5891 189
5891 190
5891 191
5891 192
5762 28
5762 29
5762 31
5762 33
5762 34
5933 17
5933 18
5933 19
5933 20
5933 21
5925 185
5925 186
5925 187
5925 188
5925 189
5979 124
5979 125
5979 152
5979 153
5979 154
5990 16
5990 20
5990 25
5990 35
5990 39
5905 70
5905 71
5905 73
5905 74
5905 75
5935 28
5935 29
5935 30
5935 31
5935 32
5935 43
5935 44
5935 45
5935 46
5774 47
5774 48
5774 49
5774 50
5774 51
5326 15
5326 16
5326 17
5326 18
5326 19
5906 27
5906 28
5906 29
5906 30
5906 31
5990 10
5990 11
5990 13
5990 64
5990 67
5977 119
5977 120
5977 121
5977 122
5977 123
5963 4
5963 5
5963 7
5963 8
5963 12
6075 66
6075 67
6075 68
6075 69
6075 70
5963 15
5963 16
5963 17
5963 18
6030 51
6030 52
6030 53
6030 54
6079 0
6079 4
6079 6
6079 7
6079 33
6031 14
6031 50
6031 52
6031 54
6031 58
5986 15
5986 16
5986 17
5986 18
5986 19
5965 22
5965 23
5965 25
5965 26
5965 27
6025 61
6025 62
6025 63
6025 69
6025 70
5361 150
5361 151
5361 152
5361 153
5361 154
5516 20
5516 21
5516 22
5516 23
5516 24
6046 106
6046 107
6046 108
6046 109
6046 110
5891 163
5891 164
5891 165
5891 166
5891 167
5233 59
5233 60
5233 68
5233 73
5233 74
6046 8
6046 9
6046 10
6046 11
6046 12
5366 25
5366 26
5366 27
5366 28
5366 29
6075 71
5748 16
5748 18
5713 0
5713 1
5713 2
5713 3
5713 4
5495 52
5495 53
5497 105
5497 106
5497 107
5497 108
5497 109
5925 96
5925 97
5925 98
5925 99
5925 100
5169 163
5169 165
5169 166
5169 167
5169 168
5924 30
5924 31
5924 32
5924 33
5924 34
5334 45
5935 0
5935 1
5935 2
5935 3
5935 4
5725 94
5725 96
5725 97
5977 30
5947 74
5947 75
5947 76
5947 77
5947 78
5947 13
5947 14
5947 21
5947 22
5525 61
5525 62
5525 63
5515 120
5515 121
5515 122
5515 123
5515 124
5914 73
5914 74
5914 75
5914 76
5914 77
5726 53
5726 55
5726 56
5726 59
5726 60
5933 47
5933 48
5933 49
5933 50
5933 51
5946 53
5946 56
5946 57
5946 61
5521 53
5521 54
5521 59
5896 45
5896 46
5896 47
5896 48
5896 49
5925 50
5925 51
5925 52
5925 53
5925 54
5333 85
5333 86
5333 87
5333 88
5333 89
6043 133
6043 134
6043 135
6043 136
6043 137
5515 135
5515 136
5515 137
5515 138
5515 139
5965 40
5965 42
5965 44
5361 210
5361 211
5361 212
5361 213
5361 214
5975 21
5975 22
5975 24
5975 25
5975 50
5326 31
5326 32
5326 33
5326 34
5326 35
5966 93
5966 94
5966 95
5966 101
5966 102
6024 15
6024 16
6024 17
6024 18
6026 32
6026 33
6026 34
6026 35
6026 36
5914 68
5914 69
5914 70
5914 71
5914 72
5235 21
5235 22
5235 23
5235 24
5235 25
5487 90
5487 91
5487 92
5487 93
5487 94
5983 64
5983 66
5983 67
5983 68
5983 70
5722 1
5722 2
5722 6
5722 9
5722 10
5470 60
5470 69
5343 28
5506 0
5506 1
5506 2
5506 3
5506 4
5273 141
5273 142
5273 143
5273 144
5273 145
6031 29
5891 68
5891 69
5891 70
5891 71
5891 72
5280 75
5280 76
5280 77
5280 78
5280 79
5278 90
5278 91
5278 92
5278 93
5278 94
6079 19
6079 20
6079 21
6079 22
6079 23
5914 61
5914 62
5914 63
5914 64
5914 65
5273 84
5273 85
5273 86
5273 87
5273 88
6043 69
6043 70
6043 71
6043 72
6043 73
5988 5
5988 6
5988 7
5988 8
5988 9
5322 0
5322 1
5322 2
5322 3
5322 4
5985 91
5985 93
6043 149
6043 151
6043 177
6043 182
5364 10
5364 11
5364 12
5364 13
5364 14
5892 5
5892 6
5892 7
5892 8
5892 9
6031 57
5960 12
5960 14
5960 16
5960 17
5960 19
5729 121
5729 124
5729 125
5729 126
5519 42
5519 43
5519 44
5519 45
5519 46
5361 200
5361 201
5361 202
5361 203
5361 204
6058 160
6058 164
6058 168
6058 172
5906 126
5280 118
5280 119
5280 140
5280 141
5280 142
5949 5
5949 6
5949 7
5933 91
5933 92
5933 93
5933 94
5933 95
5977 84
5977 85
5977 86
5977 87
5977 89
6000 0
6000 1
6000 2
6000 3
6000 4
5957 0
5957 3
5957 4
5957 7
5957 8
5334 30
5334 31
5334 32
5334 33
5334 34
5326 20
5326 21
5326 22
5326 23
5326 24
5979 59
5914 2
5910 101
5910 102
5910 103
5910 104
5910 105
5328 0
5328 1
5328 2
5328 3
5328 4
6080 0
5930 54
5930 56
5930 57
5930 58
5930 59
5918 0
5918 1
5918 2
5918 3
5918 4
5511 0
5511 1
5511 2
5511 3
5511 4
5720 14
5720 18
5947 94
5947 95
5966 138
5966 139
5966 140
5966 141
5966 142
6055 45
6055 46
6055 64
6055 65
6055 66
5762 192
5762 193
5762 194
5762 195
5762 196
5930 69
5930 70
5930 71
5930 72
5930 73
5513 90
5513 91
5513 92
5513 93
5513 94
5767 150
5767 153
5767 154
5767 157
5767 158
5982 36
5982 37
5982 38
5982 39
5982 40
5528 45
5528 46
5528 47
5528 48
5528 49
5906 202
5906 203
5906 204
5906 205
5906 206
5367 25
5367 26
5367 27
5367 28
5367 29
5925 137
5925 165
5925 166
5925 167
5925 168
5779 38
5779 39
5779 40
5779 41
5779 42
6026 6
6026 8
6026 9
6026 10
6026 12
5769 10
5769 11
5769 12
5769 13
5769 14
5895 35
5895 36
5895 37
5895 38
5895 39
5765 76
5765 77
5765 78
5765 79
5765 80
5353 35
5353 36
5353 37
5353 38
5353 39
5509 20
5509 21
5509 22
5509 23
5509 24
5273 110
5273 111
5273 112
5273 113
5273 114
5982 41
5982 42
5982 43
5982 44
5982 45
5729 16
5729 19
5729 20
5729 23
5729 27
5912 24
5912 25
5912 26
5912 27
5912 28
5996 57
5996 58
5996 74
5996 75
5996 76
5782 128
5782 129
5782 130
5782 131
5782 132
5932 0
5932 1
5932 2
5932 3
5932 4
5328 10
5328 11
5328 12
5328 13
5328 14
5332 110
5332 111
5332 112
5332 113
5332 114
5512 127
5512 128
5512 129
5512 130
5512 131
5767 11
5767 12
5767 13
5767 14
5767 15
5340 95
5340 96
5340 97
5340 98
5340 99
5769 49
5769 50
5769 52
5769 53
5769 54
5998 3
5998 4
5998 5
5998 6
5998 7
5783 63
5783 64
5783 65
5783 66
5783 67
5778 10
5778 11
5778 12
5778 13
5982 5
5982 7
5982 8
5982 9
5982 11
5774 83
5774 84
5774 85
5774 86
5774 87
5975 26
5975 28
5975 29
5975 30
5741 35
5741 36
5741 37
5741 38
5741 39
5712 110
5712 111
5712 112
5712 113
5712 114
5758 117
5758 119
5767 34
5767 35
5767 37
5767 38
5767 39
5333 65
5333 66
5333 67
5333 68
5333 69
5779 11
5779 12
5779 13
5779 14
5779 15
5725 95
5521 10
5521 11
5521 12
5521 13
5521 14
5521 60
5521 61
5914 122
5914 123
5914 124
5914 125
5914 126
5960 57
5960 58
5960 59
5960 60
5960 61
5362 30
5362 31
5362 32
5332 63
5909 64
5909 65
5909 66
5909 67
5909 68
5774 103
5774 104
5774 105
5774 106
5774 107
5767 61
5767 62
5767 63
5767 64
5767 65
5525 15
5525 16
5525 17
5525 18
5525 19
5344 0
5344 1
5344 2
5344 3
5344 4
5932 32
5932 33
5932 34
5932 35
5932 36
5331 125
5331 126
5331 127
5331 128
5331 129
5511 15
5511 16
5511 17
5511 18
5511 19
5367 8
5782 138
5782 139
5782 140
5782 141
5782 142
5364 5
5364 6
5364 7
5364 8
5364 9
5891 88
5891 89
5891 90
5891 91
5891 92
5906 139
5906 140
5906 141
5906 143
5906 144
5719 47
5719 48
5719 49
5719 50
5719 51
5961 112
5956 2
5956 3
5956 6
5956 7
5956 9
5326 5
5326 6
5326 7
5326 8
5326 9
5326 57
5326 58
5326 59
5326 60
5326 61
5923 5
5923 6
5923 7
5923 8
5923 9
5910 83
5910 84
5910 85
5910 86
5910 87
6076 33
6076 68
6076 85
6076 88
6076 90
5767 40
5767 160
5767 163
5767 164
5767 167
5941 9
5941 10
5941 11
5941 12
5941 13
5929 64
5929 65
5929 66
5925 200
5925 201
5925 202
5925 203
5925 204
5720 45
5720 46
5720 47
5361 26
5719 82
5719 83
5719 84
5719 86
5719 87
6025 15
6025 16
6025 17
6025 18
6025 19
5957 14
5957 18
5326 0
5326 1
5326 2
5326 3
5326 4
5914 128
5914 129
5914 130
5914 131
5914 132
5782 64
5782 65
5782 66
5782 67
5782 68
5937 22
5937 23
5937 24
5937 25
5937 26
5361 105
5361 106
5361 107
5361 108
5361 109
5892 45
5892 46
5892 47
5892 48
5906 145
5906 147
5906 148
5906 149
5906 151
5910 24
5910 25
5910 26
5910 27
5910 37
5515 223
5947 176
5947 177
5947 178
5947 179
5947 180
5364 49
5364 114
5364 115
5364 116
5364 117
5985 207
5985 208
5985 209
5985 210
5985 211
5782 85
5782 86
5782 87
5782 88
5782 89
5774 10
5774 11
5774 12
5774 13
5774 14
5521 30
5521 31
5521 32
5521 33
5521 34
5340 15
5340 16
5340 17
5340 18
5340 19
5366 5
5366 6
5366 7
5366 8
5366 9
5778 19
5778 20
5778 21
5778 22
5778 23
5498 0
5498 1
5498 2
5498 3
5498 4
5499 85
5499 86
5499 87
5499 88
5499 89
5528 20
5528 21
5528 22
5528 23
5528 24
6031 34
6031 35
6031 36
6031 37
6031 38
5782 150
5782 151
5782 152
5782 153
5782 154
5512 5
5512 6
5512 7
5512 8
5512 9
5712 128
5712 129
5712 130
5712 131
5712 132
5729 56
5729 57
5729 58
5729 59
5729 60
5899 15
5899 16
5899 17
5899 18
5899 19
6075 51
6075 52
6075 53
6075 54
6075 55
5331 170
5331 171
5331 172
5331 173
5331 174
5280 153
5280 154
5280 155
5280 156
5280 157
5515 130
5515 131
5515 132
5515 133
5515 134
5966 1
5966 2
5966 3
5966 5
5966 6
5326 42
5326 43
5326 44
5326 45
5326 46
5979 91
5979 92
5979 93
5729 6
5729 8
5729 9
5729 12
5729 13
5935 78
5935 79
5935 80
5935 100
5935 101
5367 12
5367 13
5367 14
5367 15
5367 16
5947 181
5947 182
5947 183
5947 184
5947 185
5935 51
5935 54
5935 56
5364 75
5364 76
5364 77
5364 78
5364 79
6073 75
6073 76
6073 77
6073 78
6073 79
5960 50
5960 51
5960 64
5960 65
5960 66
5280 100
5280 101
5280 102
5280 103
5280 104
5277 4
5277 5
5277 14
5277 15
5277 16
5724 15
5724 18
5724 19
5724 22
5724 23
5729 61
5729 62
5729 63
5729 64
5729 65
5946 71
5946 74
5946 75
5946 86
5946 87
5767 51
5767 52
5767 53
5767 54
5767 55
5338 30
5338 31
5338 38
5338 39
6043 114
6043 115
6043 116
6043 117
6043 118
5782 48
5782 49
5782 50
5782 51
5782 52
5762 8
5762 9
5762 12
5762 13
5762 14
5985 175
5985 176
5985 179
5985 201
5941 24
5941 25
5941 26
5941 27
5941 32
5340 0
5340 1
5340 2
5340 3
5340 4
5767 116
5767 117
5767 118
5767 119
5767 120
5168 15
5168 16
5168 17
5168 21
5168 22
6030 5
5767 197
5767 198
5767 199
5767 200
5767 201
5278 25
5278 26
5278 27
5278 28
5278 29
5910 16
5910 17
5910 18
5910 19
5910 20
6001 0
6001 1
5525 50
5525 51
5525 52
5525 53
6056 39
5947 97
5947 101
5947 105
5947 109
5947 114
5933 52
5933 53
5933 54
5933 55
5933 56
5909 52
5909 53
5909 54
5909 55
5909 56
5772 0
5772 1
5772 2
5772 3
5772 4
5961 42
5361 188
5361 189
5891 43
5891 44
5891 45
5891 46
5891 47
5924 0
5924 1
5924 2
5924 3
5924 4
5916 30
5916 31
5906 0
5906 1
5906 2
5906 3
5353 30
5353 31
5353 32
5353 33
5353 34
5776 43
5776 44
5776 45
5776 46
5776 47
5331 195
5331 196
5331 197
5331 198
5331 199
5758 40
5758 41
5758 44
5758 45
5758 49
5912 19
5912 20
5912 21
5912 22
5912 23
5235 32
5235 33
5235 35
5235 38
5235 39
6030 31
6030 32
6030 33
6030 34
6030 35
5933 5
5933 6
5933 7
5933 8
5933 9
5367 35
5367 36
5367 37
5367 38
5367 39
5326 82
5326 83
5326 84
5326 85
5326 86
5719 12
5719 13
5719 14
5719 15
5719 16
5281 34
5281 35
5281 36
5281 37
5281 38
5923 20
5923 21
5923 22
5923 23
5923 24
5164 30
5164 34
5164 41
5164 70
5164 81
5515 220
5515 221
5515 222
5515 224
5515 225
5782 105
5782 106
5782 107
5782 108
5782 109
5497 150
5497 151
5497 152
5497 153
5497 154
5733 5
5733 6
5733 7
5733 8
5733 9
5278 111
5278 112
5278 113
5929 0
5929 1
5929 2
5929 3
5516 80
5516 81
5516 82
5516 83
5516 84
5988 10
5988 11
5988 12
5988 13
5988 14
5985 65
5985 66
5985 67
5985 68
5985 75
5930 83
5949 26
5949 32
5949 33
5949 34
5949 35
5528 50
5528 51
5528 52
5528 53
5528 54
5924 5
5924 6
5924 7
5924 8
5924 9
5933 128
5933 129
5933 130
5933 131
5933 132
5164 18
5164 21
5164 22
5164 25
5164 26
5328 5
5328 6
5328 7
5328 8
5328 9
6076 42
6076 47
6076 63
6076 158
5912 37
5912 38
5912 39
5912 40
5912 41
5353 50
5353 51
5353 52
5338 25
5338 26
5338 27
5338 28
5338 29
5966 103
5966 104
5966 105
5966 106
5966 107
5519 130
5519 131
5519 132
5519 133
5519 134
5906 10
5906 11
5906 12
5906 14
5977 90
5977 91
5977 92
5977 94
5977 95
5360 20
5360 21
5233 5
5233 30
5762 60
5762 61
5762 62
5762 66
5762 67
5983 65
5983 73
5983 77
5983 80
5983 104
5333 105
5333 55
5333 56
5333 57
5333 58
5333 59
5940 25
5940 27
5940 29
5940 30
5940 31
5280 113
5280 114
5280 115
5280 116
5280 117
5512 152
5512 153
5512 154
5512 155
5512 156
6025 58
6025 59
6025 60
6025 91
6025 92
5280 128
5280 129
5280 130
5280 131
5280 132
5367 6
6058 61
6058 62
6058 63
5332 135
5332 136
5332 137
5332 138
5332 139
5519 128
5519 129
5519 150
5519 151
5519 152
5525 10
5525 11
5525 12
5525 13
5525 14
5896 20
5896 21
5896 22
5896 23
5896 24
6027 36
6027 37
5779 6
5779 7
5779 8
5779 9
5779 10
5767 56
5767 57
5767 58
5767 59
5767 60
6080 61
6080 62
6080 63
6080 64
6080 65
5361 215
5361 216
5361 217
5361 218
5361 219
5340 54
5340 55
5340 56
5340 57
5340 58
5906 13
5360 0
5360 1
5360 2
5360 3
5360 4
5905 61
5905 63
5515 105
5515 106
5515 107
5515 108
5515 109
5971 82
5971 83
5971 118
5971 121
5971 125
5929 4
5929 5
5929 6
5929 7
5929 8
6046 93
5925 124
5925 125
5925 126
5925 127
5519 110
5519 111
5519 112
5519 113
5519 114
5278 15
5278 16
5278 17
5278 18
5278 19
5776 5
5776 6
5776 7
5776 8
5776 9
6076 10
6076 20
6076 21
6076 66
6076 67
5332 35
5332 36
5332 37
5332 38
5332 39
6027 69
6027 70
6027 71
6027 72
6027 73
5331 150
5331 151
5331 152
5331 153
5331 154
5729 41
5729 42
5729 43
5729 44
5729 45
5776 23
5776 24
5776 25
5776 26
5776 27
5515 20
5515 21
5515 22
5515 23
5515 24
5364 40
5364 42
5364 43
5364 112
5364 113
5946 29
5946 30
5946 38
5946 40
5946 41
5328 25
5328 26
5328 27
5328 28
5328 29
6055 63
5896 10
5896 11
5896 12
5896 13
5896 14
5929 9
5929 10
5929 11
5929 12
5929 13
5726 9
5726 10
5726 11
5726 13
5726 15
5929 32
5929 33
6058 156
6058 157
6058 158
6058 159
6058 161
5935 59
5935 60
5891 78
5891 79
5891 80
5891 81
5891 82
6031 30
6031 31
5499 55
5499 56
5499 57
5499 58
5499 59
5941 36
5906 70
5906 74
5906 135
5906 136
5906 137
5769 5
5769 6
5769 7
5769 8
5769 9
5782 133
5782 134
5782 135
5782 136
5782 137
5904 0
5904 1
5904 2
5904 3
5904 4
6046 91
5322 10
5322 11
5322 12
5322 13
5322 14
5912 62
5912 63
5912 64
5912 65
5912 66
5906 55
5906 56
5906 57
5906 58
5906 64
5515 10
5515 186
5515 187
5515 188
5515 215
5937 12
5937 13
5937 14
5937 16
5273 54
5273 55
5273 56
5273 58
5273 59
5332 95
5332 96
5332 97
5332 98
5332 99
6052 93
6052 117
5725 79
5725 80
5725 81
5725 83
5725 84
5977 192
5977 193
5977 194
5977 195
5977 196
5331 55
5331 56
5331 57
5331 58
5331 59
5733 83
5733 84
5733 85
5733 87
5733 88
5340 89
5516 49
5516 50
5516 51
5516 52
5516 53
5762 21
5762 23
5762 24
5762 25
5762 27
5361 98
5361 99
5361 120
5361 121
5361 122
5164 57
5164 59
5164 62
5906 9
5366 10
5366 11
5366 12
5366 13
5366 14
6036 0
6036 2
6036 3
6036 4
6036 7
5912 52
5912 53
5912 54
5912 55
5912 56
5470 64
5470 65
5470 66
5470 67
5470 68
5501 35
5501 36
5501 37
5501 38
5501 39
5946 81
5946 82
5946 83
5946 84
5946 85
6076 75
6076 140
5501 0
5501 1
5501 2
5501 3
5501 4
5499 115
5499 116
5499 117
5499 118
5499 119
5497 140
5497 141
5497 142
5497 143
5497 144
5948 57
5948 58
6036 18
6036 19
6036 20
6036 22
6036 23
6073 120
5331 160
5331 161
5331 162
5331 163
5331 164
5776 60
5776 61
5776 62
5262 19
5262 84
5262 108
5262 132
5262 170
6025 30
6025 31
6025 32
5783 93
5783 94
5783 127
5783 38
5783 39
5783 40
5783 41
5783 42
5741 15
5741 16
5741 17
5741 18
5741 19
5719 77
5719 78
5719 79
5719 80
5719 81
6046 85
6046 86
6046 87
6046 88
6046 89
5367 20
5367 21
5367 22
5367 23
5367 24
5362 10
5362 11
5362 12
5362 13
5362 14
5769 26
5769 27
5769 28
5769 29
5769 30
5361 35
5361 36
5361 37
5361 38
5361 39
5729 14
5729 17
5729 76
5729 79
5729 80
5929 69
5929 76
5975 53
5975 92
5975 94
5975 95
5273 89
5273 90
5273 91
5273 92
5273 93
5729 46
5729 47
5729 48
5729 49
5729 50
5909 5
5909 6
5909 7
5909 8
5909 9
5332 140
5332 141
5332 142
5332 143
5332 144
5769 71
5904 15
5904 16
5904 17
5904 18
5904 19
5912 91
5912 92
5912 93
5912 94
5912 95
5925 40
5925 41
5925 42
5925 43
5925 44
5361 160
5361 161
5361 162
5361 163
5361 164
6080 32
6080 33
6080 34
6080 35
6080 36
5499 190
5499 191
5499 197
5499 198
5499 199
5912 47
5912 48
5912 49
5912 50
5912 51
6073 50
6073 51
6073 52
6073 53
6073 54
5273 78
5273 79
5273 80
5273 82
5273 83
5896 0
5896 1
5896 2
5896 3
5896 4
5891 138
5891 139
5891 140
5891 141
5891 142
5519 47
5519 48
5519 49
5519 50
5519 51
5523 0
5523 1
5523 2
6030 21
5280 143
5280 144
5280 145
5280 146
5280 147
5331 15
5331 16
5331 17
5331 18
5331 19
6080 127
5983 96
5983 97
5983 98
5983 99
5983 101
5501 45
5501 46
5501 47
5501 48
5501 49
6025 20
6025 21
6025 22
6025 23
6025 24
5783 53
5783 54
5783 55
5783 56
5783 57
5767 101
5767 102
5767 103
5767 104
5767 105
5925 133
5906 72
5906 110
5906 111
5906 180
5906 183
5733 106
5733 107
5733 109
5733 110
5733 111
5767 121
5767 122
5767 123
5767 124
5767 125
5328 50
5328 51
5328 52
5328 53
5328 54
5169 95
5169 96
5169 111
5169 156
5169 158
5765 19
5765 20
5765 21
5765 22
5765 23
5979 104
5979 105
5979 106
5979 107
5328 55
5328 56
5328 57
5328 58
5328 59
5777 15
5777 16
5777 17
5777 18
5777 19
5905 22
5905 23
5905 24
5905 25
5905 26
5338 40
5338 41
5338 43
5338 47
5933 205
5933 207
5933 208
5933 209
5933 211
5508 35
5508 36
5508 37
5508 38
5508 39
5977 57
5977 58
5977 59
5977 60
5977 61
5495 15
5495 16
5495 17
5495 18
5495 19
5344 49
5344 60
5344 61
5344 62
5344 63
5497 30
5497 31
5497 32
5497 33
5497 34
5906 104
5906 105
5906 106
5906 107
5906 112
5262 25
5262 29
5262 154
5767 6
5767 7
5767 8
5767 9
5767 10
5515 55
5515 56
5515 57
5515 58
5515 59
5271 2
5271 3
5271 6
5271 12
5271 13
5933 175
5933 176
5933 177
5933 178
5933 179
6024 64
6024 65
6024 66
6024 67
6024 68
5729 21
5729 30
5729 81
5729 85
5729 88
5946 39
5946 42
5946 96
5946 97
5946 98
5229 51
5229 64
5229 66
5229 70
5229 72
5280 182
5280 183
5933 112
5933 113
5933 114
5933 115
5933 116
5891 108
5891 109
5891 110
5891 111
5891 112
5719 27
5719 28
5719 29
5719 30
5719 31
5281 26
5281 27
5281 28
5281 29
6024 95
6024 96
6024 97
6024 98
6024 99
6043 24
6043 25
6043 26
6043 27
6043 28
5983 39
5983 40
5983 41
5983 42
5983 44
5340 66
5340 67
5340 68
5340 69
5976 24
5741 45
5741 46
5741 47
5741 48
5741 49
5519 52
5519 53
5519 54
5519 55
5519 56
5782 58
5782 59
5782 60
5782 61
5782 62
5278 70
5278 71
5278 72
5278 73
5278 74
5521 35
5521 36
5521 37
5521 38
5521 39
5528 6
5528 7
5528 8
5528 9
5528 69
5767 91
5767 92
5767 93
5767 94
5767 95
5733 89
5733 92
5733 93
5733 95
5733 97
5508 30
5508 31
5508 32
5508 33
5508 34
5722 13
5722 14
5722 17
5722 18
5722 19
5925 30
5925 31
5925 32
5925 33
5925 34
5333 100
5333 101
5333 102
5333 103
5333 104
5896 55
5515 60
5515 192
5515 193
5515 196
5515 197
5515 175
5515 176
5515 177
5515 178
5515 179
5273 146
5273 148
5273 149
5273 150
5273 151
5937 17
5937 18
5937 19
5937 20
5937 21
5996 9
5996 10
5996 11
5996 13
5996 14
5361 100
5361 101
5361 102
5361 103
5361 104
6072 20
6072 22
5906 153
5906 155
5906 156
5906 157
5906 158
6026 76
5718 5
5718 6
5718 7
5718 8
5718 9
5519 163
5519 164
5519 165
5519 166
5519 167
5778 24
5778 25
5778 26
5778 27
5778 28
5925 152
5925 156
5925 159
5331 5
5331 6
5331 7
5331 8
5331 9
5366 32
5366 33
5366 34
5366 35
5499 15
5499 16
5499 17
5499 18
5499 19
5906 83
5906 84
5906 85
5906 86
5906 87
5776 28
5776 29
5776 30
5776 31
5776 32
5961 97
5961 98
5961 99
5961 100
5961 101
5767 186
5767 187
5767 188
5767 189
5767 190
5762 143
5762 144
5762 145
5762 146
5762 147
5361 25
5712 138
5712 139
5712 140
5712 141
5712 142
5783 0
5783 1
5783 2
5961 88
5961 92
5326 47
5326 48
5326 49
5326 50
5326 51
5933 184
5724 14
5724 16
5724 17
5724 20
5332 5
5332 6
5332 7
5332 8
5332 9
5982 12
5983 78
5983 79
5983 81
5983 82
5983 83
5364 180
5364 181
5364 182
5364 183
5364 184
5525 20
5525 21
5525 22
5525 23
5525 24
5278 65
5278 66
5278 67
5278 68
5278 69
5959 15
5959 16
5959 17
5959 18
5959 20
5333 90
5333 91
5333 92
5333 93
5333 94
5521 69
5521 70
5521 71
5521 72
5521 73
5519 158
5519 159
5519 160
5519 161
5519 162
5774 25
5774 26
5774 27
5774 28
5774 29
5281 25
5281 30
5281 31
5281 32
5281 33
6031 115
6031 118
6031 121
6031 167
6031 171
5969 24
5969 25
5969 26
5969 32
5969 33
5353 45
5353 46
5353 47
5353 48
5353 49
5361 110
5361 111
5361 112
5361 113
5361 114
6043 188
5513 22
5513 23
5513 83
5513 84
5513 85
5713 10
5713 11
5713 12
5713 13
5713 15
5935 5
5935 6
5935 7
5935 8
5935 9
5725 22
5725 23
5725 25
5725 26
5725 29
5361 29
6026 37
6026 38
6026 39
6026 40
6026 41
5895 20
5895 21
5895 22
5895 23
5895 24
5528 15
5528 16
5528 17
5528 18
5528 19
6036 16
6036 17
6036 21
5929 87
5929 88
5929 89
5929 96
5328 35
5328 36
5328 37
5328 38
5328 39
5519 168
5519 169
5519 180
5519 181
5519 182
5933 32
5933 33
5933 34
5933 35
5933 36
5940 0
5940 1
5940 2
5940 3
5940 4
5946 15
5946 19
5946 23
5946 27
5946 34
5758 56
5758 61
5758 63
5758 73
5758 74
5783 7
5783 8
5783 9
5783 10
5508 60
5508 61
5508 62
5508 63
5508 64
5508 10
5508 11
5508 12
5508 13
5508 14
5891 10
5891 11
5891 12
5891 13
5891 14
5353 20
5353 21
5353 22
5353 23
5353 24
5512 202
5512 203
5512 204
5512 205
5512 206
5941 19
5941 20
5941 21
5941 22
5941 23
5507 0
5507 1
5507 2
5507 3
5507 4
5933 62
5361 128
5361 129
5361 130
5361 131
5361 132
5925 29
5925 101
5361 0
5361 1
5361 2
5361 3
5361 4
5519 32
5519 33
5519 34
5519 35
5519 36
5892 15
5892 16
5892 17
5892 18
5892 19
5273 49
5273 50
5273 51
5273 52
5273 53
5280 98
5280 99
5280 120
5280 121
5280 122
5235 59
5235 60
5235 61
5235 62
5235 63
5521 74
5521 75
5521 76
5521 77
5521 78
5331 200
5331 201
5331 202
5331 203
5331 204
5940 19
5940 20
5940 23
5940 24
5940 26
5961 38
5961 39
5961 41
5961 43
5339 95
5339 96
5339 97
5339 98
5339 99
5762 89
5762 90
5762 91
5762 94
5762 95
5979 31
5979 39
5979 69
5979 70
5233 21
5519 115
5519 116
5519 117
5519 118
5519 119
5364 15
5364 16
5364 17
5364 18
5364 19
5515 83
5515 84
5515 85
5515 89
5515 189
5528 0
5528 2
5528 3
5528 4
5528 5
5946 63
5935 49
5935 50
5935 66
5935 67
5935 74
5331 110
5331 111
5331 112
5331 113
5331 114
5513 24
5513 25
5513 26
5513 27
5513 28
6036 8
6036 10
6036 11
6036 12
6036 14
5925 141
5925 143
5925 161
5925 169
5925 215
5961 70
5961 71
5961 72
5961 73
5961 74
5280 133
5280 134
5280 135
5280 136
5280 137
5528 40
5528 41
5528 42
5528 43
5528 44
5720 0
5720 1
5720 4
5720 5
5720 7
6031 141
6031 142
6031 143
6031 146
6031 150
6064 50
6064 51
5339 110
5339 111
5339 112
5339 113
5339 114
6058 118
6058 121
6058 125
6058 126
6074 31
6074 32
6074 33
6074 34
6074 35
5758 100
5758 101
5758 102
5758 103
5758 104
5328 100
5328 101
5328 102
5280 173
5280 174
5280 175
5280 176
5280 177
5334 25
5334 26
5334 27
5334 28
5334 29
6076 128
6076 136
6076 137
6056 20
6056 21
6056 22
6056 23
6056 24
5910 93
5910 94
5910 95
5982 2
5982 6
5982 10
5982 13
5982 14
5783 68
5783 69
5783 70
5783 71
5783 72
5924 25
5924 26
5924 27
5924 28
5924 29
5891 158
5891 159
5891 160
5891 161
5891 162
5930 25
5930 26
5930 32
5930 33
5930 34
5733 66
5733 67
5733 70
5733 71
5733 75
5331 40
5331 41
5331 42
5331 43
5331 44
5918 32
5918 33
5918 34
5918 35
5918 36
5965 38
5965 41
5965 43
5965 45
5965 46
5977 178
5977 180
5977 181
5977 182
5977 184
5932 10
5932 11
5932 12
5932 13
5932 14
6017 13
5906 45
5906 46
5906 47
5906 48
5906 49
5783 33
5783 34
5783 35
5783 36
5783 37
6027 122
6027 123
5909 59
5909 60
5909 82
5909 83
5731 7
5731 9
5731 10
5731 11
5731 13
5916 10
5916 11
5916 12
5916 13
5916 14
5906 127
5906 154
5906 159
5916 20
5916 21
5916 22
5916 23
5916 24
6031 20
6031 21
6031 22
6031 23
6031 28
5782 76
5782 81
6031 192
6031 193
6031 194
6031 195
6031 196
5365 22
5281 50
5281 51
5281 52
5281 53
5281 54
5935 81
5935 82
5935 83
5935 84
5935 85
5508 55
5508 56
5508 57
5508 58
5508 59
5940 13
5940 14
5940 15
5940 16
5263 62
5929 67
5929 68
5929 70
5929 71
5929 72
5521 0
5521 1
5521 2
5521 3
5521 4
5914 108
5733 41
5733 43
5733 44
5733 45
5733 104
5273 6
5273 7
5273 8
5273 9
5273 10
5930 20
5930 21
5930 22
5930 23
5930 24
5364 70
5364 71
5364 72
5364 73
5364 74
5912 4
5912 5
5912 6
5912 7
5912 8
6076 76
6076 81
5985 59
5985 64
5891 168
5891 169
5891 170
5891 171
5891 172
5977 197
5977 198
5977 199
5977 200
5977 201
5948 15
5948 16
5948 17
5948 18
5948 19
5497 75
5497 76
5497 77
5497 78
5497 79
5733 36
5733 40
5733 112
5733 115
5733 119
5361 138
5361 139
5361 140
5361 141
5361 142
5956 0
5956 1
5956 4
5956 5
5956 8
5729 36
5729 37
5729 38
5729 39
5729 40
5959 23
5959 27
5959 30
5364 220
5924 35
5924 36
5924 37
5924 38
5924 39
5340 84
5340 85
5340 86
5340 87
5340 88
5272 46
5272 59
6052 61
5720 40
5720 41
5720 42
5720 43
5720 44
5909 76
5909 77
5909 78
5909 80
5909 81
5947 128
5947 129
5947 130
5947 132
5947 133
5344 10
5344 11
5344 12
5344 13
5344 14
5977 157
5273 0
5273 39
5273 40
5273 73
5273 81
5947 103
5947 104
5947 106
5947 107
5947 108
5459 87
5459 88
5459 89
5459 90
5459 91
5930 44
5930 45
5930 46
5930 47
5930 48
5905 62
5905 69
5905 72
5504 0
5504 1
5504 2
5504 3
5504 4
6046 13
6046 14
6046 15
6046 16
6046 17
5910 11
5910 12
5910 13
5910 14
5910 15
5906 63
6079 1
6079 8
6079 9
5910 78
5910 79
5910 80
5910 81
5910 82
5905 10
5905 11
5528 10
5528 11
5528 12
5528 13
5528 14
5280 93
5280 94
5280 95
5280 96
5280 97
5998 8
5998 9
5998 10
5998 11
5360 15
5360 16
5360 17
5360 18
5360 19
5783 3
5783 4
5783 5
5783 6
5783 11
5508 50
5508 51
5508 52
5508 53
5508 54
5332 25
5332 26
5332 27
5332 28
5332 29
5782 33
5782 34
5782 35
5782 36
5782 37
5966 182
5966 184
5966 185
6026 75
6026 77
6026 81
6026 82
5516 70
5516 71
5516 72
5516 73
5516 74
5332 40
5332 41
5332 42
5332 43
5332 44
5364 80
5364 81
5364 82
5364 83
5364 84
5948 46
5948 47
5948 48
5948 49
5948 50
5933 204
5946 64
5946 66
5946 67
5946 68
5946 70
5361 205
5361 206
5361 207
5361 208
5361 209
5946 88
5946 89
5946 90
5946 91
5946 92
5895 30
5895 31
5895 32
5895 33
5895 34
5971 117
5512 167
5512 168
5512 169
5512 170
5512 171
5979 25
5979 26
5979 27
5979 28
5979 30
5976 15
5976 30
5766 17
5766 18
5766 19
5332 55
5332 56
5332 57
5332 58
5332 59
5782 57
5782 82
5782 121
5782 122
5782 123
5719 42
5719 43
5719 44
5719 45
5719 46
5912 42
5912 43
5912 44
5912 45
5912 46
5985 161
5985 162
5985 163
5985 164
5985 165
6030 17
6030 66
6030 67
5948 35
5948 36
5948 37
5948 38
5948 39
5328 40
5328 41
5328 42
5328 43
5328 44
5925 35
5925 36
5925 37
5925 38
5925 39
5982 21
5982 24
5982 25
5512 60
5512 61
5512 62
5512 63
5512 64
5782 23
5782 24
5782 25
5782 26
5782 27
6046 23
6046 24
6046 25
6046 26
6046 27
6030 108
6030 109
6030 110
6030 111
6030 112
5971 102
5971 103
5971 106
5971 128
5971 129
5391 45
5391 46
5725 71
5725 72
5725 75
5725 76
5725 78
5990 33
5990 48
5990 50
5774 15
5774 16
5774 17
5774 18
5774 19
5923 40
5923 41
5923 42
5332 10
5332 11
5332 12
5332 13
5332 14
5946 22
5946 24
5946 25
5946 26
5946 28
5765 14
5765 15
5765 16
5765 17
5765 18
5767 151
5767 171
5767 172
5767 175
5767 179
5328 60
5328 61
5328 62
5328 63
5328 64
6075 56
6075 57
6075 58
6075 59
6075 60
5947 58
5947 60
5947 61
5947 62
6058 114
6058 117
6058 148
6058 181
5918 15
5918 16
5918 17
5918 18
5918 19
5719 67
5719 68
5719 69
5719 70
5719 71
5909 11
5909 12
5909 14
5909 15
5909 16
5512 73
5512 76
5512 79
5512 110
5512 111
5326 25
5326 26
5326 27
5326 28
5326 29
5322 15
5322 16
5322 17
5322 18
5322 19
5331 175
5331 176
5331 177
5331 178
5331 179
5990 43
5990 47
5990 51
5990 55
5990 66
5445 30
5508 80
5508 81
5508 82
5508 83
5508 84
5959 13
5959 28
5959 31
5959 32
5959 33
5896 5
5896 6
5896 7
5896 8
5896 9
5741 1
5741 2
5741 5
5741 9
5741 13
5280 47
5280 48
5280 49
5733 28
5733 79
5733 82
5733 86
5733 90
5499 120
5499 121
5499 122
5499 123
5499 124
5501 55
5501 56
5501 57
5501 58
5501 59
5782 15
5729 0
5729 1
5729 2
5729 4
5729 5
5498 5
5498 6
5498 7
5498 8
5498 9
5966 128
5966 129
5966 130
5966 131
5966 132
5339 20
5339 21
5339 22
5339 23
5339 24
5733 15
5733 16
5733 20
5733 23
5733 24
5331 95
5331 96
5331 97
5331 98
5331 99
5897 62
5897 63
5996 56
5996 59
5718 30
5718 31
5718 32
5718 36
5985 0
5985 1
5985 2
5985 3
5985 4
5891 118
5891 119
5891 120
5891 121
5891 122
5741 30
5741 31
5741 32
5741 33
5741 34
5983 10
5983 11
5983 12
5983 13
5983 14
5278 8
5280 123
5280 124
5280 125
5280 126
5280 127
5725 1
5725 2
5725 4
5725 5
5725 6
5519 20
5519 21
5519 22
5519 28
5519 61
5512 112
5512 113
5512 114
5512 115
5512 116
5343 20
5343 21
5343 25
5343 26
5343 27
5977 117
5977 118
5982 46
5982 47
5982 48
5982 49
5982 50
5332 130
5332 131
5332 132
5332 133
5332 134
5968 0
5968 1
5968 2
5968 3
5968 4
5338 15
5338 16
5338 17
5338 18
5338 19
5229 13
5229 18
5229 19
5229 43
5229 49
6043 155
6043 156
6043 157
6043 158
6043 159
5930 0
5930 1
5930 3
5930 4
5930 35
5965 11
5965 15
5985 113
5985 114
5985 115
5985 116
5985 117
5719 57
5719 58
5719 59
5719 60
5719 61
5767 141
5767 142
5767 143
5767 144
5767 145
5328 45
5328 46
5328 47
5328 48
5328 49
5930 15
5930 16
5930 17
5930 18
5930 19
5906 15
5906 16
5906 17
5906 18
5906 19
5499 80
5499 81
5499 82
5499 83
5499 84
5726 57
5726 58
5726 61
5726 62
5726 78
5499 30
5499 31
5499 32
5499 33
5499 34
5364 160
5364 161
5364 162
5364 163
5364 164
5519 103
5519 104
5519 105
5519 106
5519 107
5904 30
5904 33
5904 34
5904 35
5904 36
5509 45
5509 46
5509 47
5509 48
5509 49
5769 31
5769 33
5769 34
5769 35
5769 37
5910 88
5910 89
5910 90
5910 91
5910 92
5362 5
5362 6
5362 7
5362 8
5362 9
5906 182
5906 185
5906 186
5906 187
5977 111
5977 112
5977 113
5977 114
5977 115
5933 194
5933 198
5933 202
5933 206
5933 210
5937 42
5937 43
5937 44
5937 45
5937 46
5979 45
5979 46
5979 47
5979 48
5979 49
5996 29
5983 30
5983 31
6001 2
6001 3
6001 4
5971 132
5971 139
5332 175
5332 176
5332 177
5332 178
5332 179
5362 20
5362 21
5362 22
5362 23
5362 24
5513 80
5513 81
5513 82
5513 86
5513 87
5726 64
5726 65
5726 68
5726 69
5726 72
5280 5
5280 6
5280 7
5280 8
5280 9
5519 170
5519 171
5519 172
5519 173
5519 176
5929 54
5929 55
5929 56
5929 57
5929 58
5777 10
5777 11
5777 12
5777 13
5777 14
5985 173
5985 194
5985 195
5985 198
5985 199
5906 59
5906 60
5906 61
5906 62
5364 32
5364 33
5364 34
5364 35
5364 159
5489 45
5489 46
5489 47
5489 48
5489 49
6055 13
6043 19
6043 20
6043 21
6043 22
6043 23
5334 35
5334 36
5334 37
5334 38
5334 39
6058 169
6058 170
6058 171
6058 173
6058 204
5965 48
5278 35
5278 36
5278 37
5278 38
5278 39
6025 103
6025 106
6025 107
6043 57
6043 58
6043 59
6043 60
6043 61
5233 70
5233 98
5233 100
5233 101
5233 105
5942 2
5942 5
5942 6
5942 14
5942 18
5729 91
5729 92
5729 93
5729 94
5729 95
5906 184
5906 188
5328 90
5328 91
5328 92
5328 93
5328 94
5340 100
5340 101
5340 102
5340 103
5891 15
5891 16
5891 17
5891 18
5891 19
5164 65
5164 66
5164 67
5164 68
5164 69
6024 100
6024 101
6024 102
5762 68
5762 70
5762 71
5762 72
5762 74
5334 15
5334 16
5334 17
5334 18
5334 19
5933 192
5933 193
5933 195
5933 196
5933 197
5725 51
5725 52
5725 53
5725 54
5725 55
6027 16
6027 17
6027 18
6027 19
6027 20
5278 75
5278 76
5278 77
5278 78
5278 79
5331 180
5331 181
5331 182
5331 183
5331 184
5960 20
5960 21
5960 22
5960 23
5960 24
5965 29
5965 30
5965 31
5965 32
5965 34
5526 15
5526 16
5526 17
5526 18
5526 19
5280 80
5280 81
5280 82
5280 83
5280 89
5344 15
5344 16
5344 17
5344 18
5344 19
6074 5
6074 61
6074 62
6074 63
6074 64
5899 45
5766 5
5766 6
5766 7
5766 8
5766 9
5892 35
5892 36
5892 37
5892 38
5892 39
5278 45
5278 46
5278 47
5278 48
5278 49
6058 180
6058 188
6058 189
6058 190
6058 191
6080 6
6080 7
6080 8
6080 9
6080 10
6076 24
6076 25
6076 26
6076 28
6076 29
5925 15
5925 16
5925 17
5925 18
5925 19
5777 20
5777 21
5777 22
5777 23
5777 24
5933 110
5933 111
5713 21
5713 22
5713 23
5713 24
5713 25
5985 76
5985 80
5985 88
5985 92
5985 94
5961 6
6030 18
6030 20
6030 22
6030 23
6030 83
5340 104
5340 105
5340 106
5340 107
5340 108
5941 2
6076 93
6076 94
6076 95
6076 96
6076 99
5519 153
5519 154
5519 155
5519 156
5519 157
5776 33
5776 34
5776 35
5776 36
5776 37
5332 160
5332 161
5332 162
5332 163
5332 164
5515 25
5515 26
5515 27
5515 28
5515 29
5512 172
5512 173
5512 174
5512 175
5512 176
5985 31
5516 95
5516 96
5516 97
5516 98
5516 99
5985 123
5985 124
5985 125
5985 126
5985 127
5891 53
5891 54
5891 55
5891 56
5891 57
5979 7
5979 8
5979 9
5979 11
5891 133
5891 134
5891 135
5891 136
5891 137
5515 115
5515 116
5515 117
5515 118
5515 119
6080 44
5990 12
5949 8
5949 9
6052 110
5935 73
5935 75
5935 76
5929 97
5929 98
5904 5
5904 6
5904 7
5904 8
5904 9
5333 10
5333 11
5333 12
5333 13
5333 14
5916 25
5916 26
5916 27
5916 28
5916 29
5339 5
5339 6
5339 7
5339 8
5339 9
5344 30
5344 31
5774 57
5774 58
5774 59
5774 60
5774 61
5517 15
5517 16
5517 17
5517 18
5517 19
6079 18
6079 29
6079 30
6079 31
5501 5
5501 6
5501 7
5501 8
5501 9
5929 82
5929 83
5929 84
5929 85
5929 86
5975 23
5975 27
5975 47
5975 48
5975 52
5518 29
5979 126
5979 127
5516 75
5516 76
5516 77
5516 78
5516 79
5726 19
5726 22
5726 23
5726 84
5726 85
5521 20
5521 21
5521 22
5521 23
5521 24
5930 60
5930 61
5930 62
5930 63
5930 82
5361 15
5361 16
5361 17
5361 18
5361 19
5331 30
5331 31
5331 37
5331 38
5331 39
5979 133
5979 134
5979 136
5979 137
5979 139
5334 10
5334 11
5334 12
5334 13
5334 14
5733 10
5733 11
5733 12
5733 13
5733 14
5960 6
5960 7
5960 8
5960 10
5960 11
5937 50
5937 51
5937 52
5937 53
5937 54
5512 0
5512 1
5512 2
5512 3
5512 4
5362 25
5362 26
5362 27
5362 28
5362 29
5916 5
5916 6
5916 7
5916 8
5916 9
5511 20
5511 21
5511 22
5511 23
5511 24
5996 30
5996 31
5996 39
5996 40
5996 41
5983 34
5983 38
5983 43
5983 50
5983 54
6036 24
6036 25
5280 15
5280 16
5280 17
5280 18
5280 19
5769 60
5769 61
5769 62
5769 64
5769 65
5340 49
5340 50
5340 51
5340 52
5340 53
5923 10
5923 11
5923 12
5923 13
5923 14
5977 188
5977 189
5977 190
5977 191
5361 183
5361 184
5361 185
5361 186
5361 187
5979 156
5782 69
5782 70
5782 71
5782 72
5782 73
6058 10
6058 11
6058 12
6058 13
6058 14
5765 69
5765 70
5765 81
5765 82
5512 157
5512 158
5512 159
5512 160
5512 161
5361 20
5361 21
5361 22
5361 23
5361 24
5281 40
5281 41
5281 42
5281 43
5281 44
5164 42
5164 46
5164 49
5164 51
5164 54
5891 5
5891 6
5891 7
5891 8
5891 9
5925 150
5925 153
5925 154
5925 160
5925 162
5933 82
5933 83
5933 84
5933 85
5933 86
5925 23
6079 2
6079 3
6079 5
6079 35
5332 80
5332 81
5332 82
5332 83
5332 84
5495 50
5495 51
5776 50
5776 51
5776 52
5776 53
5776 54
5235 1
5235 3
5235 5
5235 7
5235 8
5983 51
5983 52
5983 53
5983 55
5983 56
5328 85
5328 86
5328 87
5328 88
5328 89
5953 0
5953 1
5953 2
5953 3
5953 4
5329 20
5329 21
6058 123
6058 124
6058 127
5925 2
5925 3
5925 4
5925 5
5925 6
5353 16
5353 17
5353 18
5353 19
5436 127
5942 8
5942 9
5942 10
5942 11
5942 12
5996 47
5996 48
5996 49
5996 50
5996 51
5906 98
5906 129
5906 130
5906 134
5906 138
5906 42
5906 43
5906 44
5918 50
5918 51
6031 24
6031 25
6031 26
6031 27
6031 60
5523 10
5523 11
5523 12
5523 13
5523 14
5998 0
5998 1
5998 2
5977 67
5977 68
5977 69
5977 70
5977 71
5499 65
5499 66
5499 67
5499 68
5499 69
5925 190
5925 191
5925 192
5925 193
5925 194
5364 145
5364 146
5364 147
5364 148
5364 149
5906 128
5906 131
5508 135
5508 136
5508 137
5508 138
5508 139
5769 0
5769 1
5769 2
5769 3
5769 4
5164 43
5164 44
5164 45
5164 47
5164 48
5333 20
5333 21
5333 22
5333 23
5333 24
6031 177
6031 178
6031 179
6031 180
6031 181
5977 96
5977 97
5977 98
5977 99
5977 100
5946 49
5946 65
5946 69
5946 72
5946 73
5929 14
5929 15
5929 16
5929 17
5929 18
5755 0
5755 1
5755 2
5755 4
5755 6
5976 13
5976 14
5976 16
5976 17
5772 15
5772 16
5772 17
5772 18
5772 19
5959 3
5959 4
5959 5
5959 6
5959 8
5985 62
5985 63
5904 10
5904 11
5904 12
5904 13
5904 14
5326 132
5326 133
5326 134
5326 135
6025 86
6025 87
6025 88
6025 89
6025 90
5891 143
5891 144
5891 145
5891 146
5891 147
5979 71
5979 72
5979 73
5979 74
5979 75
6036 64
5947 53
5947 54
5947 55
5947 56
5947 57
5971 89
5971 90
5971 92
5971 122
5971 126
5515 93
5515 94
5515 95
5515 96
5515 97
5783 106
5783 107
5783 128
5783 129
5783 130
5966 48
5966 49
5966 50
5966 51
5966 52
5519 10
5519 11
5519 57
5519 58
5519 59
5966 54
5966 55
5966 56
5966 57
5966 58
5513 95
5513 96
5513 97
5513 98
5513 99
5949 36
5949 37
5949 38
5949 39
5949 40
6076 39
6076 40
6076 55
6076 58
6076 60
5965 21
5965 24
5965 28
5923 48
5923 49
6031 77
6031 78
6031 81
6031 172
6031 173
5329 16
5329 17
5329 18
5329 19
5339 50
5339 51
5339 52
5339 53
5339 54
5273 131
5273 132
5273 133
5273 134
5273 135
5729 96
5729 97
5729 98
5729 128
5729 129
6055 37
6055 38
6055 39
6055 40
6055 41
6031 166
6031 218
6031 222
5949 46
5946 43
5946 44
5946 45
6031 211
6031 212
6031 213
6031 214
6031 215
5525 45
5525 46
5525 47
5525 48
5525 49
5781 5
5781 6
5781 7
5781 8
5781 9
5767 26
5767 27
5767 30
5767 31
5767 33
6074 80
6074 81
6074 82
6074 83
6074 84
5985 212
5518 14
5979 2
5979 6
5979 10
5979 14
5979 23
5515 68
5515 69
5515 194
5515 195
5515 198
6046 0
6046 3
6046 4
6046 6
6046 7
5892 59
5947 3
5947 4
5947 5
5947 6
5947 7
5516 30
5516 31
5516 32
5516 33
5516 34
5280 148
5280 149
5280 150
5280 151
5280 152
5328 80
5328 81
5328 82
5328 83
5328 84
5525 0
5525 1
5525 2
5525 3
5525 4
5914 78
5914 79
5914 80
5914 81
5914 82
5509 0
5509 1
5509 2
5509 3
5509 4
5925 25
5925 26
5935 88
5935 89
5935 90
5935 96
5935 97
5729 71
5729 72
5729 73
5729 74
5729 75
5280 181
5942 20
5942 21
5942 22
5942 23
5942 24
5783 13
5783 14
5783 15
5783 16
5783 17
5961 59
5961 60
5961 61
5961 62
5961 63
5961 13
5961 14
5961 30
5961 31
5961 32
5235 66
5235 67
5235 68
5235 69
5235 70
5891 83
5891 84
5891 85
5891 86
5891 87
5762 148
5762 182
5762 183
5762 184
5762 185
5365 23
5755 18
5755 19
5755 21
5755 22
5755 24
5891 22
5891 23
5891 24
5891 25
5891 26
5334 20
5334 21
5334 22
5334 23
5334 24
5940 5
5940 6
5940 7
5940 8
5940 9
5270 17
5270 22
5270 25
5270 48
5726 2
5726 3
5726 5
5726 6
5726 7
5966 69
5966 70
5966 71
5966 72
5966 73
6043 127
5508 65
5508 66
5508 67
5508 68
5508 69
5925 145
5925 146
5925 147
5925 148
5925 149
6024 53
6024 54
6024 55
6024 56
6024 57
6031 130
6031 132
6031 134
6031 138
6031 139
6030 70
6030 71
6030 74
6030 77
6030 78
6031 74
6031 82
6031 85
5779 16
5779 17
5779 19
5779 20
5779 21
6074 90
6074 91
6074 97
6074 98
6074 99
5996 3
5996 4
5996 7
5996 8
5996 12
5762 48
5762 49
5762 50
5762 115
5762 116
5910 32
5910 33
5910 34
5910 35
5910 36
5339 80
5339 81
5339 82
5339 83
5339 84
5329 5
5329 6
5329 7
5329 8
5329 9
5499 185
5499 186
5499 187
5499 188
5499 189
5495 5
5495 6
5495 7
5495 8
5495 9
6031 159
6031 160
6031 161
6031 220
6031 221
5966 118
5966 119
5966 120
5966 121
5966 122
6058 56
6058 57
6058 58
6058 59
6058 60
5985 151
5985 152
5985 153
5985 154
5985 160
6026 11
6026 15
5513 70
5513 71
5513 72
5513 73
5513 74
5328 65
5328 66
5328 67
5328 68
5328 69
5983 57
5983 59
5983 60
5983 61
5935 52
5935 53
5935 55
5935 57
5935 58
5762 177
5762 178
5762 179
5762 180
5762 181
5985 100
5985 184
5985 187
5985 188
5985 191
5783 78
5783 79
5783 80
5783 81
5783 82
5332 70
5332 71
5332 72
5332 73
5332 74
5971 26
5971 27
5971 61
5971 62
5923 25
5923 26
5923 27
5923 28
5923 29
5971 45
5971 65
5971 66
5971 69
5971 70
6031 32
6031 33
6031 93
6031 94
6031 95
5326 97
5326 98
5326 99
5326 100
5326 101
5930 84
5930 85
5930 86
5930 87
5930 88
5326 92
5326 93
5326 94
5326 95
5326 96
5364 65
5364 66
5364 67
5364 68
5364 69
6074 105
6074 106
6074 107
6074 108
6074 109
5504 20
5504 21
5504 22
5504 23
5504 24
6073 40
6073 41
6073 42
6073 43
6073 44
6046 143
6046 144
6046 145
6046 146
6046 147
6079 10
6079 14
6079 17
5273 29
5273 57
5273 60
5273 147
5273 154
5364 192
5364 193
5364 194
5364 195
5364 196
5509 60
5509 61
5509 62
5914 98
5914 99
5914 100
5914 101
5914 102
5891 20
5891 21
5164 50
5164 52
5164 53
5164 55
5164 56
6055 52
6055 53
6055 54
6055 55
6055 56
6073 60
6073 61
6073 62
6073 63
6073 64
5942 13
5942 15
5942 16
5942 17
5942 19
5361 45
5361 46
5361 47
5361 48
5361 49
5331 45
5331 46
5331 47
5331 48
5331 49
5332 20
5332 21
5332 22
5332 23
5332 24
5767 114
5767 115
5767 168
5719 17
5719 18
5719 19
5719 20
5719 21
5895 0
5895 1
5895 2
5895 3
5895 4
5333 75
5333 76
5333 77
5333 78
5333 79
6000 24
6000 27
5947 156
5947 157
5947 158
5947 159
5947 165
6031 5
6031 6
6031 7
6031 8
6031 9
6025 5
6025 6
6025 7
6025 8
6025 9
5914 139
5914 140
5969 15
5969 16
5969 17
5969 18
5969 19
5971 91
5971 95
5971 99
5774 98
5774 99
5774 100
5774 101
5774 102
5519 183
5519 184
5519 185
5519 186
5519 187
6058 74
6058 75
6058 76
6058 77
6058 78
5977 162
5977 166
5977 167
5977 170
5977 171
6073 15
6073 16
6073 17
6073 18
6073 19
5909 57
5909 58
5909 61
5909 62
5909 63
5364 26
5364 154
5364 155
5364 156
5364 158
5779 23
5779 24
5779 25
5779 27
6031 0
6031 1
6031 2
6031 3
6031 4
5975 79
5975 80
5975 81
5975 82
5975 88
5935 15
5935 16
5935 17
5726 73
5726 75
5726 76
5726 77
5726 79
5508 130
5508 131
5508 132
5508 133
5508 134
5930 5
5930 6
5930 7
5930 8
5930 9
5925 20
5910 48
5910 49
5910 50
5910 51
5910 52
5767 86
5767 87
5767 88
5767 89
5767 90
5994 20
5949 0
5949 1
5949 2
5949 3
5949 4
5961 102
5961 103
5961 104
5961 105
5961 106
5353 10
5516 64
5516 65
5516 66
5516 67
5516 68
5521 15
5521 16
5521 17
5521 18
5521 19
5522 0
5522 1
5522 2
5522 3
5522 4
6073 45
6073 46
6073 47
6073 48
6073 49
6073 55
6073 56
6073 57
6073 58
6073 59
6046 111
6046 112
6046 113
6046 114
6046 115
5719 88
5765 24
5765 25
5765 26
5765 27
5765 28
5782 3
5782 4
5782 5
5782 7
5782 8
6024 19
6026 13
6026 14
5328 75
5328 76
5328 77
5328 78
5328 79
5979 64
5979 65
5979 66
5979 67
5979 68
6080 45
5947 96
5947 98
5947 99
5947 100
5947 102
6043 29
6043 30
6043 31
5501 40
5501 41
5501 42
5501 43
5501 44
5280 65
5280 66
5280 67
5280 68
5280 69
5364 0
5364 1
5364 2
5364 3
5364 4
5725 61
5725 63
5725 64
5725 67
5725 68
5762 105
5762 107
5762 108
5762 109
5762 111
6080 94
6080 95
6080 96
6080 97
6080 98
6052 60
6052 62
6052 63
6052 87
6052 89
5985 183
5985 185
5985 186
5985 189
5985 190
5783 83
5783 84
5783 85
5783 86
5783 87
5892 20
5892 21
5892 22
5892 23
5892 24
6080 112
6080 113
6080 114
6080 115
6080 116
5361 171
5361 172
5361 180
5361 181
5361 182
5278 10
5278 11
5278 12
5278 13
5278 14
5933 122
5933 123
5933 124
5933 125
5925 108
5925 109
5925 110
5925 111
5925 112
6036 1
6036 5
6036 6
6036 9
6036 13
6000 5
6000 6
6000 7
6000 8
6000 9
6076 27
6076 53
6076 153
6076 157
6076 133
5332 115
5332 116
5332 117
5332 118
5332 119
5912 67
5912 68
5912 69
5912 70
5912 71
5956 10
5956 11
5520 15
5520 16
5520 17
5520 18
5520 19
5765 71
5765 72
5765 73
5765 74
5765 75
5332 120
5332 121
5332 122
5332 123
5332 124
5767 131
5767 132
5767 133
5767 134
5767 135
5979 0
5979 1
5979 3
5979 4
5979 5
5516 105
5516 106
5516 107
5516 108
5516 109
5912 0
5912 1
5912 2
5912 3
6067 10
6025 10
6025 11
6025 12
6025 13
6025 14
5971 108
5971 109
5971 112
5971 113
5971 114
5367 7
6075 13
6075 14
6075 16
6075 18
6075 19
6058 94
6058 95
6058 103
6058 104
6058 105
5949 41
5949 42
5949 43
5949 44
5949 45
5521 64
5521 65
5521 66
5521 67
5521 68
5512 35
5512 36
5512 37
5512 38
5512 39
5906 35
5906 36
5906 37
5906 38
5906 39
5949 21
5949 22
5949 23
5949 24
5949 25
5960 62
5960 63
5364 44
5364 45
5364 46
5364 47
5364 48
5726 1
5726 16
5726 18
5726 81
5726 86
5935 10
5935 11
5935 12
5935 13
5935 14
6043 62
6043 63
6043 74
6043 75
6043 96
5376 50
5376 51
5906 189
5906 190
5906 191
5966 23
5966 24
5966 25
5966 26
5966 32
6080 76
6080 77
6080 78
6031 39
6031 40
6031 41
6031 42
6031 43
5233 1
5233 7
5233 8
5233 130
5233 133
5961 107
5961 108
5961 109
5961 110
5961 111
5332 100
5332 101
5332 102
5332 103
5332 104
6031 44
6031 45
6031 47
6031 48
5331 130
5331 131
5331 132
5331 133
5331 134
5528 1
5528 60
5528 61
5528 62
5528 63
5906 99
5906 100
5906 101
5906 102
5906 103
5444 45
6073 70
6073 71
6073 72
6073 73
6073 74
5923 35
5923 36
5923 37
5923 38
5923 39
5365 30
6079 24
6079 25
6079 26
6079 27
6079 28
5935 18
5935 19
5935 20
5935 21
5935 22
5515 17
5515 82
5515 217
5515 218
5515 219
5169 150
5169 151
5169 152
5169 154
5169 155
5733 68
5733 69
5733 72
5733 73
5733 74
5720 30
5720 31
5720 32
5720 33
5720 34
5961 91
5961 93
5961 94
5961 95
5961 96
