15590 48
15590 81
15590 154
15590 283
15590 352
14771 4
14771 183
14771 197
14771 262
14771 155
14771 206
14771 249
14771 49
14771 54
14771 170
14771 193
14771 217
14771 295
17040 1
17040 3
17040 6
17040 20
17040 22
17040 27
15409 43
15409 44
14358 139
15146 11
15146 45
15146 55
15146 118
14771 39
14771 102
14771 159
14771 228
14771 293
14358 90
14358 116
14358 172
16058 121
16058 123
16058 150
16058 201
16058 249
16394 24
16394 28
16394 29
16394 30
14771 105
14771 195
14771 211
14771 246
15590 42
15590 76
15590 208
15590 230
15590 340
15590 351
15590 373
16509 182
16509 193
16509 227
15590 8
15590 53
15590 125
15590 140
15590 357
15590 405
14358 52
14358 199
14358 205
17269 26
17269 58
17269 66
17269 71
17269 76
17269 77
17269 79
17269 151
17269 173
14771 128
14771 179
14771 184
14771 227
14771 299
15127 19
15127 23
15127 24
15127 29
15127 84
15590 101
15590 193
15590 257
15590 358
15146 20
15146 44
15146 52
15146 74
15146 98
17269 28
17269 31
17269 49
17269 89
17269 94
17269 144
17269 147
17269 175
15590 432
15590 105
15590 222
15590 253
15590 290
15590 99
15590 169
15590 174
15590 267
15590 115
15590 244
17269 34
17269 50
17269 78
17269 97
17269 119
17269 121
17269 149
15146 80
15146 84
15146 88
15146 148
15590 75
15590 262
15590 339
15590 387
14771 45
15590 27
15590 243
15590 297
15590 312
15590 66
15590 236
15590 302
14358 222
15590 65
15590 264
15590 376
15590 180
15590 229
15590 322
15590 390
16058 26
16058 54
16058 106
16058 217
16058 234
16058 243
14358 44
14358 50
14358 51
16058 130
16058 185
16058 231
16058 286
16058 287
16363 0
16363 8
16363 12
16363 16
16363 23
14771 110
15590 116
15590 307
15590 400
15590 409
14358 129
14358 193
14358 224
16363 1
16363 10
16363 21
16363 24
14358 87
14358 100
14358 149
15146 75
15146 130
14358 5
14358 74
14358 191
14771 132
14771 154
14771 163
14771 232
15127 31
15127 43
15127 55
15127 79
15590 96
15590 195
15590 313
15590 321
15409 57
15409 77
17269 17
17269 27
17269 38
17269 92
17269 93
17269 107
17269 162
17269 165
14358 67
15146 32
15146 57
15146 101
15146 120
14358 93
15590 56
15590 184
15590 213
15590 426
16058 14
16058 64
16058 83
16058 119
16058 124
16058 144
16058 164
14358 24
14358 97
16509 43
16509 110
16509 137
16509 140
16509 177
16509 218
16509 242
17269 180
15127 13
15127 16
15127 27
15127 30
15127 49
14358 2
14358 71
14358 227
15127 14
15127 70
15127 87
17269 4
17269 130
17269 160
15590 123
15590 127
15590 152
15590 179
15590 335
14358 23
14358 41
14358 181
15590 173
15590 305
15590 318
15590 347
14358 241
15146 39
15146 81
15146 97
15146 104
15590 385
15590 406
15127 8
15127 35
15127 60
15127 63
14771 57
14771 65
14771 106
14771 256
14358 19
14358 88
14358 138
15590 124
15590 196
16058 262
15146 15
15146 93
15146 116
15146 125
15146 137
14358 6
14358 28
15590 429
15146 26
15146 42
15146 71
15146 83
16058 110
16058 134
16058 161
16058 253
15127 71
14771 31
14771 177
14771 198
14358 197
14358 229
14771 0
14771 68
14771 153
15146 14
15146 50
15146 59
15146 126
15409 1
15409 22
15409 27
15409 69
14354 1
14354 4
14354 6
15590 16
15590 395
14358 137
14358 144
14358 161
15590 18
15590 80
15590 93
15590 310
14771 56
14771 62
14771 266
14771 297
16058 37
16058 38
16058 55
16058 147
16058 165
16058 186
16058 197
16058 200
15590 370
15590 397
15146 22
15146 37
15146 53
15146 100
15146 114
16509 6
16509 157
16509 160
16509 165
16509 216
15590 41
15590 175
15590 218
15590 285
14771 93
14771 115
14771 160
14771 263
15590 9
15590 234
15590 238
15590 239
14771 12
14771 48
14771 125
14771 181
14771 182
14771 224
14771 272
15146 144
15590 420
14771 124
14771 147
14771 167
14771 241
14771 109
14771 118
14771 126
14771 238
14771 292
14771 52
14771 60
14771 88
14771 99
14771 1
14771 74
14771 121
14771 280
15146 102
15146 103
15146 122
15146 124
15590 164
15590 168
15590 198
14771 71
14771 150
14771 178
14771 188
15590 30
15590 136
15590 147
15590 398
15590 417
17269 8
17269 30
17269 48
17269 63
17269 84
17269 126
17269 140
16394 2
16394 39
16394 51
15590 32
15590 246
15590 295
17269 29
17269 46
17269 95
17269 100
17269 136
17269 159
17269 163
15590 287
16058 40
16058 66
16058 140
16058 230
16058 261
15590 82
15590 203
15590 216
15590 343
15146 2
15146 51
15146 79
15146 107
16509 58
16509 80
16509 84
16509 187
16509 211
15590 88
15590 334
15590 392
15590 404
16509 66
16509 82
16509 244
14358 42
14358 96
14358 140
15590 111
15590 206
16058 60
16058 65
16058 91
16058 232
16058 266
16058 267
15590 2
15590 10
15590 129
15590 171
16509 96
16509 154
16509 249
16509 252
16509 256
16058 21
16058 181
16058 218
16058 219
16072 18
16072 19
16072 36
16072 48
16072 54
14771 95
15590 68
15590 89
14771 8
17269 179
17269 183
17269 101
17269 182
15590 4
15590 104
15590 121
15590 155
15590 314
14358 89
14358 204
14358 213
15127 22
15127 34
15127 48
15127 57
14771 64
14771 176
17269 22
17269 23
17269 59
17269 81
17269 134
14771 103
14771 122
14771 165
14771 245
14358 36
14358 86
14358 145
17040 2
17040 4
17040 5
17040 8
17040 18
17040 24
17040 25
17040 31
17040 33
15409 2
15409 49
15409 59
15409 76
16394 31
15590 13
15590 25
15590 52
15590 119
15590 293
14358 26
14358 157
14358 11
14358 48
14358 56
14358 131
14358 168
15127 6
15127 37
15127 66
15127 75
15127 76
15146 66
14358 57
14358 179
14358 189
14771 36
14771 61
14771 116
14771 215
14771 269
14771 96
14771 136
14771 180
14771 239
14771 291
14771 296
14771 7
14771 120
14771 143
14771 209
14771 223
14358 35
14358 160
14358 163
14771 161
14771 264
14771 279
14771 301
14771 112
15127 1
15127 58
15127 72
15127 81
15127 82
14771 40
14771 44
14771 258
14358 107
17269 7
17269 60
17269 103
17269 122
17269 127
17269 133
17269 154
14358 77
14358 112
14358 239
15590 132
15590 209
15590 355
15590 401
15590 402
14771 5
14771 17
14358 113
14358 203
14358 220
14358 27
14358 101
14358 166
15590 94
15590 122
15590 226
15590 410
15146 21
15146 147
15146 152
14358 230
16509 5
16509 10
16509 169
16509 183
16509 228
15127 3
15127 15
15127 36
15127 68
15127 77
14358 117
14358 175
14358 192
15590 84
15590 231
15590 251
15590 320
15590 63
15590 78
15590 131
15590 271
15590 324
17269 146
17269 167
15590 17
15590 77
15590 247
15590 278
14358 92
14358 201
14358 225
15146 38
15146 64
15146 67
15146 109
15146 141
15590 134
15590 232
15590 371
15590 389
15590 40
15590 126
15590 135
15590 137
15590 344
14771 35
14771 149
14771 151
14358 25
14358 29
14358 158
15146 133
15146 134
16058 1
16058 45
16058 141
16058 221
16058 265
15590 148
15590 326
15590 363
15590 368
14358 75
16509 258
16509 262
17269 3
17269 12
17269 45
17269 54
17269 91
17269 108
17269 145
17269 155
17269 15
17269 16
17269 112
17269 106
17269 156
17269 168
14771 108
14771 231
14771 261
15590 74
15590 220
15590 319
15590 381
15590 157
15590 219
15590 365
15127 5
15127 42
15127 45
15127 61
15127 64
14358 153
14358 187
14358 214
15590 39
15590 49
15590 159
15590 249
15590 418
15409 83
15590 29
15590 72
15590 260
15590 306
14771 84
14771 123
14771 204
14771 214
16058 111
16058 239
15590 100
15590 194
15590 241
15590 259
15590 325
15590 399
14358 45
14358 79
14358 103
15590 91
15590 315
15590 411
14358 66
14358 152
14358 156
14358 63
14358 171
14358 207
15590 31
15590 34
15590 133
15590 332
15590 97
15590 188
15590 227
15590 276
15590 345
15590 393
14358 186
14358 211
17269 33
17269 137
17269 158
15146 13
15146 108
15146 119
15146 136
15146 149
14771 63
14771 81
14771 101
14771 140
14771 286
17269 19
17269 32
17269 42
17269 72
17269 86
17269 135
17269 153
14771 79
14771 117
14771 221
16509 40
16509 102
16509 188
16509 232
15127 0
15127 51
15127 53
17269 13
17269 14
17269 24
17269 40
17269 85
16072 0
16072 10
16072 21
16072 25
16072 27
16072 53
15590 386
15590 388
17269 18
17269 47
17269 52
17269 82
17269 150
17269 157
17269 171
16509 2
16509 34
16509 38
16509 46
16509 54
16509 240
15590 114
15590 117
16058 2
16058 57
16058 58
16058 75
16058 120
16058 143
16058 211
15590 21
15590 44
15590 341
14358 60
14358 169
14358 219
15590 182
15590 378
15590 379
15590 380
14771 38
14771 70
14771 94
14771 200
14771 14
14771 86
14771 134
14771 152
14771 294
14358 7
14358 46
14358 110
15590 106
15590 113
15590 349
16058 7
16058 109
16058 117
16058 126
16058 192
16058 208
14358 39
14358 165
16058 89
16058 166
16058 216
16058 226
14354 3
15590 67
15590 289
15590 408
16509 29
16509 113
16509 135
16509 142
16509 149
16509 185
16509 203
15590 112
15590 296
15590 428
15409 16
15409 23
15409 33
15409 34
15590 422
14771 89
14771 173
14771 194
14771 284
15146 27
14771 23
14771 28
14771 276
14358 16
14358 91
14358 194
15409 38
15409 55
15409 62
15409 65
16058 136
16058 227
16058 229
16058 260
15146 12
15146 89
15146 111
15146 135
15146 145
15590 412
14771 104
14771 133
14771 189
14771 213
14771 250
14771 300
14771 13
14771 185
14771 229
14771 278
15590 15
15590 64
15590 90
15590 309
15590 11
15590 46
15590 156
15590 221
15590 250
15127 52
14358 80
14358 122
14358 134
16072 38
17269 1
17269 20
17269 37
17269 55
17269 117
17269 120
15590 202
15590 337
15590 369
15590 165
15590 190
15590 303
14771 87
14771 259
14771 268
14771 275
15409 9
15409 20
15409 42
15409 66
14358 38
14358 54
14358 196
17269 164
14771 11
14771 80
14771 166
15590 36
15590 85
15590 110
15590 161
14358 17
14358 22
14358 228
15146 24
15146 41
15146 85
15146 87
15146 99
14358 68
14358 124
14358 142
15590 20
15590 151
15590 261
15590 273
16509 221
16509 264
15127 18
15127 59
15127 73
14358 82
14358 115
14358 141
14358 188
15590 19
15590 55
15590 70
15590 187
15590 43
15590 170
15590 178
15590 245
15146 10
15146 47
15146 62
15146 68
16058 9
16058 11
16058 152
16058 169
16058 188
16058 195
16058 203
14771 2
14771 47
14771 98
14771 236
14771 16
14771 85
14771 199
14771 237
14771 290
15590 23
15590 61
15590 200
15590 356
15590 71
15590 391
15127 4
15127 9
15127 20
15127 54
15590 83
15590 167
15590 183
15590 377
16394 33
16394 37
16394 38
15127 69
15127 74
15590 47
15590 197
15590 204
15590 282
17040 10
17040 11
17040 14
17040 21
17040 28
17040 34
17040 37
17269 61
17269 128
17269 141
17269 174
17040 32
17040 36
17040 41
15590 57
15590 158
15590 292
15590 294
14358 65
14358 185
14358 85
14358 94
14358 127
16509 7
16509 33
16509 39
16509 103
16509 109
16509 194
16509 231
14771 20
14771 51
14771 255
14771 260
14358 15
16509 27
16509 55
16509 85
16509 107
16509 116
15590 217
15590 270
15590 298
15590 353
15590 102
15590 139
15590 149
15590 301
15146 5
15146 82
15146 110
15146 117
15127 2
15127 26
15127 47
15127 65
14358 20
14358 162
14358 245
15590 128
15590 172
15590 176
15590 268
15590 233
15590 256
15590 364
15590 396
15590 98
15590 145
15590 254
15590 266
14358 4
14358 121
14358 151
15409 7
15409 24
15409 26
15409 40
15409 45
16509 20
16509 90
16509 99
16509 133
16509 145
16509 162
16509 173
14358 47
14358 223
14358 233
14358 118
14358 159
14358 212
15590 120
15590 224
15590 300
15590 311
14358 215
14358 70
14358 104
14771 21
14771 139
15590 153
15590 258
15590 279
15590 346
14358 40
14358 58
14358 173
15590 413
15590 416
15146 19
15146 36
15146 60
15146 95
14358 1
14358 98
14358 111
14771 37
14771 210
14771 254
15590 0
15590 280
15590 281
15590 329
15590 141
15590 144
15127 46
15127 85
16509 8
16509 195
16509 239
16509 261
14358 177
15146 143
15590 6
15590 54
15590 92
15590 275
15590 299
14771 144
14358 73
14358 78
14358 109
16394 0
16394 1
16394 15
16394 34
15127 12
15127 25
15127 28
15127 83
15127 33
15590 58
15590 316
15590 333
15590 384
17269 10
17269 65
17269 90
17269 98
17269 102
17269 114
17269 124
15590 425
15409 36
15409 67
15409 79
15409 81
16058 10
16058 159
16058 162
16058 178
16058 220
16058 240
15146 58
15146 65
15146 73
15146 94
15146 140
15590 26
15590 51
15590 62
15590 235
15590 304
14771 32
14771 97
14771 171
14771 244
14358 8
14358 43
14358 180
14358 242
14358 34
14358 184
14358 238
14771 201
14771 216
14771 55
14771 277
15590 73
15590 269
15590 277
15590 424
15409 5
15409 21
15409 48
15409 54
14771 90
14771 235
14771 282
14771 288
17269 9
17269 96
17269 152
15590 50
15590 177
15590 284
15590 338
14771 9
14771 34
14771 66
14771 114
16509 53
16509 71
16509 87
16509 130
16509 148
16509 217
16509 248
15590 189
15590 192
15590 348
16058 0
16058 22
16058 29
16058 42
16058 51
16058 59
16058 97
16058 104
17269 57
17269 111
17269 169
14358 226
14358 234
14358 243
15590 22
15590 24
15590 28
15590 366
15127 7
15127 10
15127 41
15127 50
15127 86
14771 19
14771 41
14771 186
14771 203
14771 33
14771 82
14771 129
14771 219
14771 248
16058 107
16058 156
16058 214
14771 287
14358 64
14358 106
14358 125
14358 154
14358 182
15590 45
15590 109
15590 186
15590 205
15590 382
17269 83
17269 88
17269 170
17269 178
15590 181
15590 291
15590 360
15590 423
16509 1
16509 4
16509 91
14358 135
14358 136
14358 170
15146 7
15146 90
16058 4
16058 43
16058 49
16058 115
16058 248
16058 270
15590 95
15590 118
15590 162
15590 214
14354 0
14354 2
14354 5
17040 0
17040 42
17040 43
14771 158
14771 168
14771 253
14771 77
14771 113
14771 247
14771 252
15590 38
15590 211
15590 263
15590 327
15146 33
15146 48
15146 54
15146 91
15146 121
17269 36
17269 73
17269 143
14771 50
14771 72
14771 130
14771 267
15127 38
15127 39
15127 44
15127 67
15590 427
15590 5
15590 59
15590 87
15590 272
15590 69
15590 215
15590 350
15590 362
15127 17
15127 40
15127 56
15127 62
15127 78
16509 11
16509 68
16509 104
16509 235
15409 15
15409 75
16509 18
16509 23
16509 172
16509 192
16509 230
14358 18
14358 146
14358 209
15590 160
15590 317
15590 407
15590 146
15590 323
15590 336
14771 127
14771 146
14771 225
14771 274
15590 431
16509 12
16509 146
16509 158
16509 223
16509 28
16509 72
16509 174
16509 184
16509 198
16509 202
16509 215
14771 191
14771 202
14358 76
14358 81
14358 155
14358 206
15590 163
15590 288
15590 359
15590 361
15146 29
15146 63
15146 77
15146 112
15146 127
16509 47
16509 128
16509 175
16509 222
14771 30
14771 43
14771 172
14358 108
14358 167
14358 216
14358 12
14358 190
14358 202
14771 92
16058 41
16058 63
16058 100
16058 102
16058 158
16058 193
14358 49
14358 53
14358 208
14358 128
14358 132
14358 147
16363 7
16363 11
16363 15
16363 17
16363 18
16363 20
14771 27
14771 187
14771 234
14771 289
14771 298
14771 304
14771 175
14771 218
14771 230
14771 265
16509 25
16509 79
16509 86
16509 155
16509 166
16509 171
15409 18
15409 64
16509 253
16509 255
16509 265
14771 142
14771 240
14358 32
14358 55
16509 197
16509 204
16509 257
14358 102
14358 244
14358 247
15590 367
15590 374
15590 415
15590 33
15590 86
15590 130
15590 286
14771 25
14771 107
14771 137
14771 205
14771 233
15409 53
15409 68
15409 70
15409 72
15409 80
14771 212
14771 242
14771 251
17269 2
17269 64
17269 80
17269 105
17269 113
17269 118
17269 142
15409 8
15409 11
15409 19
15409 47
16058 78
16058 135
16058 154
16058 173
16058 225
16058 254
16072 6
16072 41
16072 46
15590 3
15590 12
15590 265
15590 330
15409 3
15409 12
15409 25
15409 58
16058 157
16058 246
16058 252
16058 273
17269 6
17269 11
17269 41
17269 44
17269 69
17269 110
17269 139
14358 37
14358 150
14358 198
14771 100
14771 156
14358 21
14358 69
14358 72
14358 143
14771 135
15590 166
15590 383
14771 3
14771 22
14771 190
14771 196
16058 8
16058 105
16058 155
16058 269
16058 278
14771 76
14771 138
15590 142
15590 394
15590 403
17269 0
17269 5
17269 39
17269 53
17269 62
17269 75
17269 138
15590 35
15590 201
15590 223
15590 414
15146 4
15146 23
15146 105
15146 115
15146 123
17269 176
17269 185
16058 12
16058 72
16058 73
16058 118
16058 205
15590 79
15590 108
15590 228
15590 274
16394 7
16394 32
16394 47
16394 52
15146 31
15146 129
16363 2
16363 3
16363 6
16363 25
15146 0
15146 3
15146 18
15146 86
15146 150
14358 62
14358 83
14358 123
16072 23
16072 40
16072 49
15590 430
15146 6
15146 72
15146 92
15146 96
15146 16
15146 17
15146 40
15146 61
15146 131
14358 59
14358 240
14771 42
14771 91
14771 111
14771 162
14771 303
14771 15
14771 24
14771 59
14771 148
14358 105
14358 120
14358 210
15409 30
15409 35
15409 41
15409 78
14771 46
14771 69
14771 164
14771 207
14771 285
14358 84
14358 246
14358 0
14358 30
14358 119
15146 28
15146 43
15146 69
15146 113
16509 61
16509 70
16509 111
16509 153
16509 191
16509 225
15146 1
15146 9
15146 76
15146 128
15146 132
15146 8
15146 142
15146 146
15146 151
14771 6
14771 18
14771 208
14771 270
14771 302
15590 199
15590 242
15590 419
14358 148
14358 183
14358 10
14358 95
14358 114
15409 71
15409 84
14771 29
14771 58
14771 75
14771 78
14771 169
16058 47
16058 48
16058 215
16058 223
14358 236
15146 30
15146 46
15146 139
14771 26
14771 157
14771 283
17269 21
17269 25
17269 35
17269 56
17269 104
17269 109
17269 125
14771 53
14771 73
14771 192
14771 257
14771 10
14771 67
14771 145
14771 174
15590 237
15590 248
15590 342
15590 354
14358 9
14358 174
14358 217
17269 51
17269 70
17269 74
17269 87
17269 99
17269 123
17269 131
17269 161
17269 177
14358 14
14358 133
14358 235
16072 8
16072 14
16072 22
16072 29
16072 31
16072 45
